2 0.2641568047337278 0.2296449704142012 0.07396449704142016 0.06762327416173566
2 0.31963017751479283 0.2634516765285996 0.05811390532544376 0.07044378698224853
2 0.3994082840236686 0.2479585798816568 0.061286982248520694 0.05354043392504929
2 0.4517085798816568 0.24091715976331365 0.047551775147928944 0.05635108481262329
2 0.5092973372781066 0.2521794871794872 0.057056213017751566 0.045078895463510835
2 0.5896005917159763 0.2190729783037475 0.061286982248520694 0.054940828402366824
2 0.6862869822485207 0.19723865877712032 0.0665680473372781 0.05917159763313607
3 0.26204881656804735 0.7664102564102564 0.04015532544378697 0.05635108481262326
3 0.3191050295857988 0.7459861932938855 0.06551035502958583 0.0464891518737673
3 0.3877884615384614 0.6847041420118342 0.04015532544378693 0.02817554240631163
3 0.3904289940828402 0.7199211045364892 0.04543639053254438 0.04507889546351081
3 0.43110946745562134 0.6727218934911242 0.029585798816568067 0.0464891518737673
3 0.4612204142011834 0.7114694280078895 0.026412721893491132 0.05071992110453654
3 0.4881656804733727 0.7072386587771202 0.029585798816568067 0.04789940828402355
3 0.5346597633136094 0.7086489151873767 0.042263313609467446 0.042268244575936836
3 0.5605473372781065 0.6755424063116371 0.047551775147928944 0.0521301775147928
3 0.6181286982248521 0.6818836291913215 0.03592455621301767 0.04789940828402355
3 0.6445488165680473 0.7227416173570019 0.04860207100591722 0.05071992110453654
3 0.7153402366863905 0.7382347140039448 0.046494082840236574 0.05071992110453654