2 0.16082749763534915 0.42510514018691586 0.12264597922578296 0.050623052959501535
2 0.37140204271123495 0.46274532710280375 0.0995010369753295 0.04283489096573216
2 0.5264398337368426 0.46339563862928346 0.08561684846275999 0.041538161993769585
2 0.6641293312159946 0.45236370716510904 0.09718931958798674 0.03244937694704042
2 0.8318919810133721 0.46144859813084116 0.09487760220064398 0.03764408099688481
1 0.1677695918916339 0.6068263239875389 0.20595111030120014 0.035046728971962614
1 0.35635852445786587 0.6198091900311526 0.13884188512569526 0.04023753894080997
1 0.5206570692213573 0.6029322429906542 0.1527260736382648 0.03764408099688481
1 0.6872673313721916 0.5737266355140187 0.1480956967693228 0.0363434579439252
1 0.8515658761356832 0.5964447040498443 0.15735645050720687 0.035046728971962614
0 0.07173265995019047 0.6730257009345795 0.06016713091922004 0.04283489096573216
0 0.2533864403543939 0.6587500000000001 0.0763630368191324 0.03244937694704042
0 0.4361926084051407 0.6321378504672897 0.03934084815036577 0.041538161993769585
0 0.6282595301937712 0.6224026479750779 0.04396428292505129 0.04023753894080997
0 0.763630368191324 0.6165615264797507 0.05090637718133597 0.028555295950155823
0 0.916356441829589 0.6198091900311526 0.037022188668766616 0.03244937694704042
3 0.10181969645692864 0.8294392523364487 0.05553675405027812 0.05970794392523367
3 0.23487187497288242 0.8021806853582554 0.10413141384427149 0.05970794392523367
3 0.33437985404246834 0.8015303738317756 0.06247884830656288 0.05322040498442364
3 0.4176849851178854 0.7846573208722741 0.0902472253317019 0.05322040498442364
3 0.5009901161933026 0.7723247663551402 0.0671092251755048 0.04932632398753896
3 0.5704110587561503 0.7593457943925234 0.08099341368807446 0.04672897196261676
3 0.6456147658344832 0.751557632398754 0.05090637718133613 0.04932632398753896
3 0.7185067555254732 0.7463668224299066 0.07636303681913247 0.0363434579439252
3 0.7752028393165508 0.7366316199376948 0.032398753894081096 0.03764408099688481
3 0.8908997821917926 0.7418224299065421 0.06479056569390564 0.035046728971962614