2 0.14756770833333333 0.27604296875 0.10416666666666667 0.04948046875000003
2 0.3680572916666666 0.26106640625 0.11110937499999997 0.06901171875000003
2 0.5711822916666667 0.23372265625000002 0.11110937499999997 0.05338671875000003
1 0.16579687499999998 0.49348828125 0.19270833333333334 0.03385546875000003
1 0.373265625 0.47526171875 0.17014062500000005 0.046875
1 0.578125 0.46419140625 0.2118072916666667 0.06380078124999997
0 0.2934010416666667 0.52473828125 0.059026041666666626 0.03645703124999997
0 0.4800364583333333 0.51887890625 0.057291666666666664 0.04557421875000003
0 0.6666666666666666 0.52799609375 0.07639062500000003 0.04557421875000003
3 0.126734375 0.724609375 0.10416666666666667 0.07161328124999997
3 0.24826562500000005 0.71940234375 0.08333333333333333 0.05598828124999997
3 0.345484375 0.72005078125 0.07639062500000003 0.05989453124999997
3 0.4340260416666667 0.71158984375 0.0868072916666667 0.04817578124999997
3 0.5286458333333334 0.71744921875 0.0538177083333333 0.0703125
3 0.6302083333333334 0.72005078125 0.07985937499999997 0.05208203124999997