2 0.18879241516966067 0.42708593749999996 0.11144710578842316 0.07552343750000005
2 0.3634431137724551 0.44010156250000004 0.11809381237524955 0.059898437500000054
2 0.5439121756487026 0.43814843750000004 0.10978043912175649 0.05078125
2 0.7493313373253493 0.44075781249999996 0.124750499001996 0.06380468750000005
3 0.19461077844311378 0.8880234375 0.07651696606786429 0.041664062499999946
3 0.30356287425149703 0.873046875 0.05156686626746503 0.05859375
3 0.3917165668662675 0.8723984375 0.058213572854291455 0.044273437500000054
3 0.5006686626746507 0.8854140625 0.03659680638722551 0.0546875
3 0.5854990019960079 0.8958359375 0.06320359281437118 0.033851562499999946
3 0.6852994011976048 0.9056015625 0.07984031936127745 0.06380468750000005
3 0.8225249500998003 0.9348984375 0.09813373253493007 0.06771093750000005
0 0.08316367265469062 0.69140625 0.04657684630738522 0.028648437500000058
0 0.257814371257485 0.6907578125 0.03992015968063872 0.053382812499999946