2 0.27116402116402116 0.2858382936507936 0.07936507936507935 0.053323412698412745
2 0.4918981481481481 0.261656746031746 0.10416666666666667 0.05456349206349209
2 0.8341600529100528 0.24305555555555552 0.11408730158730146 0.06448412698412698
0 0.3133267195767196 0.45572916666666663 0.07771164021164019 0.06572420634920632
0 0.4183201058201058 0.4606894841269841 0.06283068783068788 0.06076388888888893
0 0.5745701058201058 0.4644097222222222 0.06779100529100528 0.06324404761904763
0 0.7671957671957672 0.4644097222222222 0.06613756613756602 0.07068452380952372
1 0.2571097883597883 0.4241071428571428 0.09755291005291002 0.044642857142857116
1 0.49272486772486773 0.42596726190476186 0.16865079365079366 0.050843253968253954
1 0.8564814814814814 0.44580853174603174 0.13558201058201055 0.06820436507936503
3 0.32159391534391535 0.5865575396825397 0.09093915343915349 0.03224206349206345
3 0.4439484126984127 0.6293402777777778 0.041335978835978796 0.04092261904761898
3 0.5588624338624338 0.6324404761904762 0.09920634920634915 0.03968253968253972
3 0.8217592592592592 0.6491815476190476 0.10912698412698418 0.055803571428571355