3 0.371875 0.8354166666666667 0.04375 0.08472222222222223
3 0.41328125 0.8354166666666667 0.04375 0.07083333333333333
3 0.48203125 0.8256944444444444 0.0375 0.06527777777777778
3 0.5234375 0.8270833333333333 0.04375 0.06805555555555555
3 0.5859375 0.8270833333333333 0.0421875 0.07361111111111111
3 0.66171875 0.8388888888888889 0.04375 0.06111111111111111
1 0.390234375 0.4583333333333333 0.10546875 0.06666666666666667
1 0.51171875 0.46111111111111114 0.0921875 0.06111111111111111
1 0.634765625 0.4701388888888889 0.09140625 0.04861111111111111
0 0.3296875 0.5569444444444445 0.0265625 0.06666666666666667
0 0.45078125 0.5618055555555556 0.0296875 0.07361111111111111
0 0.555078125 0.5236111111111111 0.03203125 0.05277777777777778
0 0.58125 0.5270833333333333 0.0265625 0.08194444444444444
0 0.68515625 0.5368055555555555 0.028125 0.08472222222222223
2 0.3953125 0.16319444444444445 0.0734375 0.10138888888888889
2 0.521875 0.16180555555555556 0.05625 0.08472222222222223
2 0.63515625 0.1840277777777778 0.0734375 0.07916666666666666