2 0.37119708994708994 0.2771577380952381 0.1471560846560847 0.09300595238095237
2 0.44146825396825395 0.2790178571428571 0.09589947089947089 0.07440476190476186
2 0.5216600529100529 0.2883184523809524 0.13392857142857142 0.03844246031746028
1 0.5555555555555555 0.4495287698412699 0.11243386243386246 0.03844246031746028
1 0.36044973544973546 0.5636160714285714 0.1752645502645502 0.0731646825396826
1 0.47371031746031744 0.49541170634920634 0.05125661375661371 0.031001984126984183
0 0.4117063492063492 0.654141865079365 0.07936507936507932 0.05828373015873023
0 0.47619047619047616 0.5319940476190477 0.08597883597883597 0.06944444444444446
0 0.5266203703703703 0.49355158730158727 0.038029100529100586 0.027281746031746046
3 0.41005291005291 0.8742559523809523 0.15873015873015875 0.07688492063492056
3 0.4125330687830688 0.8054315476190477 0.1240079365079365 0.04092261904761898
3 0.47040343915343913 0.703125 0.1471560846560846 0.03472222222222214
3 0.501818783068783 0.6615823412698412 0.09093915343915349 0.031001984126984183
3 0.5299272486772486 0.6330605158730158 0.08432539682539683 0.033482142857142884
3 0.5654761904761904 0.6026785714285714 0.08597883597883603 0.024801587301587345