2 0.6744687500000001 0.1461640625 0.06674999999999992 0.03646093750000001
2 0.7704687499999999 0.14739843749999998 0.05603124999999996 0.03522656249999998
2 0.5385000000000001 0.492875 0.04696874999999991 0.05253125000000001
2 0.5558125 0.5404609375 0.03708333333333324 0.022867187499999986
1 0.7984895833333333 0.20703906249999998 0.12525 0.019773437499999956
1 0.5430416666666668 0.566421875 0.03460416666666669 0.02533593750000005
3 0.45651041666666664 0.535828125 0.04614583333333329 0.03707812500000003
3 0.45816666666666667 0.5695078125 0.04779166666666666 0.03275781250000005
3 0.77459375 0.3479453125 0.05933333333333337 0.02595312500000002
3 0.8096145833333334 0.2941796875 0.04202083333333325 0.021015624999999982
1 0.7066041666666667 0.2348515625 0.12607291666666665 0.027195312499999957