2 0.19965104166666667 0.296875 0.13194270833333335 0.0703125
2 0.4418385416666667 0.31315234375 0.1024322916666667 0.07161328124999997
2 0.65625 0.3203125 0.12847395833333336 0.078125
1 0.21527604166666664 0.55403515625 0.21875 0.05338671875000003
1 0.45485937499999995 0.53059765625 0.1875 0.05338671875000003
1 0.657984375 0.56184765625 0.19791666666666666 0.06640625
0 0.125 0.62109375 0.06597395833333332 0.05729296875000003
0 0.3203125 0.60612109375 0.0538177083333333 0.05598828124999997
0 0.3680572916666666 0.59635546875 0.0555572916666667 0.0546875
0 0.5399322916666667 0.61653515625 0.07291666666666667 0.05598828124999997
0 0.763890625 0.603515625 0.1006927083333333 0.07161328124999997
3 0.16840104166666667 0.82356640625 0.09375 0.06901171875000003
3 0.302953125 0.8046875 0.09201562500000003 0.06770703124999997
3 0.412328125 0.794921875 0.10590104166666663 0.05598828124999997
3 0.509546875 0.79752734375 0.0711822916666667 0.05598828124999997
3 0.5885416666666666 0.82161328125 0.10764062500000003 0.06510546875000003
3 0.717015625 0.82161328125 0.09722395833333337 0.07291796875000003