2 0.25 0.3173611111111111 0.0484375 0.07083333333333333
2 0.3301640625 0.29566666666666663 0.04885156249999998 0.07220833333333335
2 0.43033593750000004 0.3239722222222222 0.05050000000000008 0.07026388888888893
2 0.5198046875 0.32104166666666667 0.04610937499999999 0.06245833333333329
2 0.604609375 0.2946944444444445 0.06092968750000001 0.06440277777777778
0 0.28597656250000003 0.5923194444444445 0.023054687499999994 0.04683333333333337
0 0.3691328125 0.5806111111111112 0.014820312500000021 0.05659722222222222
0 0.45036718750000004 0.5947638888888889 0.019210937499999935 0.06147222222222221
0 0.49043749999999997 0.600125 0.02909375000000001 0.07026388888888893
0 0.6433046874999999 0.6059861111111111 0.032937500000000064 0.06636111111111108
3 0.22559374999999998 0.7821111111111111 0.04830468750000003 0.04195833333333338
3 0.27225 0.7782083333333333 0.016468750000000032 0.043916666666666514
3 0.3068359375 0.7791944444444444 0.05159374999999997 0.05172222222222223
3 0.35678125 0.791875 0.029640624999999955 0.04195833333333338
3 0.4034375 0.7786944444444444 0.04939843750000002 0.0448888888888888
3 0.4473515625 0.7801666666666667 0.023054687499999994 0.057569444444444506
3 0.4975703125 0.8128472222222223 0.04116406250000004 0.06440277777777763
3 0.5510937499999999 0.8045555555555555 0.029640625000000042 0.05172222222222223
3 0.579359375 0.8216388888888889 0.03896875000000009 0.05269444444444452
3 0.6232734375 0.8265138888888889 0.03677343749999995 0.05269444444444452