2 0.37586458333333334 0.31640625 0.14757291666666664 0.06510156250000003
2 0.6154479166666668 0.3391953125 0.13367708333333325 0.07682031250000003
0 0.2526041666666667 0.6432265625 0.06076041666666671 0.078125
0 0.44096874999999996 0.6451796875 0.0763854166666667 0.08203125
0 0.49132291666666666 0.6647109375 0.0763854166666667 0.06380468750000005
0 0.70746875 0.669921875 0.057291666666666664 0.06640625
1 0.61284375 0.6106796875 0.2013854166666666 0.06510156249999995
3 0.33507291666666666 0.8704453125 0.0763854166666667 0.07421875
3 0.4270833333333333 0.8606796875 0.0763854166666667 0.059898437500000054
3 0.5138854166666667 0.880859375 0.09721875000000005 0.09244531249999995
3 0.65278125 0.8932265625 0.11805208333333325 0.07291406249999995