2 0.16669197396963123 0.470171875 0.07693058568329719 0.044859375000000055
2 0.3150650759219089 0.46489062499999995 0.08792841648590015 0.03958593750000006
2 0.4628308026030369 0.47325 0.05862255965292837 0.03870312499999997
2 0.5971583514099783 0.4908359375 0.051290672451193016 0.03342968749999997
2 0.7583622559652928 0.48335937500000004 0.051290672451193016 0.029031250000000064
0 0.11479392624728851 0.65753125 0.041518438177874185 0.030789062500000065
0 0.23019522776572668 0.6438984375000001 0.04518438177874183 0.03342968749999997
0 0.5519848156182213 0.6496171875 0.034197396963123614 0.014953125000000077
0 0.6392950108459869 0.6474140625 0.02563991323210423 0.021109374999999986
3 0.15875271149674622 0.7978359375 0.036637744034707126 0.05278124999999996
3 0.20454446854663774 0.7916796875000001 0.047624728850325405 0.040460937499999974
3 0.26804772234273316 0.773640625 0.04518438177874183 0.03782812500000006
3 0.3529284164859002 0.7644062500000001 0.0635032537960954 0.043984374999999964
3 0.41398047722342735 0.7586875 0.04395878524945767 0.03782812500000006
3 0.5074078091106291 0.7534140625 0.05983731019522772 0.02375000000000007
3 0.5599132321041215 0.7494531249999999 0.045184381778741955 0.029906249999999978
3 0.6179284164859002 0.75165625 0.051290672451193016 0.03430468750000006
3 0.7040130151843818 0.749015625 0.054956616052060814 0.03606250000000007
3 0.7815618221258135 0.7560546875 0.06838394793926242 0.03958593750000006