3 0.09592585843334289 0.8332904984423676 0.08129192374109459 0.051982087227414195
3 0.223549319240882 0.8100350467289721 0.11217730108730553 0.043773364485981237
3 0.3251607528701221 0.8059306853582555 0.05852879667473678 0.039213395638629224
3 0.4194552191532381 0.7917951713395638 0.07478718142295582 0.04195093457943919
3 0.4983104678103767 0.7726440809968848 0.06990688916078763 0.03830218068535825
3 0.5657806818872083 0.7607904984423677 0.09429446628311595 0.03830218068535825
3 0.6421923133661348 0.7571417445482866 0.048775154244656796 0.03465342679127712
3 0.708850302414981 0.7466549844236761 0.07153828131101449 0.037390965732087264
3 0.7608812988658353 0.737535046728972 0.05852879667473678 0.03374221183800632
3 0.896633952047484 0.7461993769470405 0.06015324673070765 0.036479750778816114
1 0.16745719765010111 0.6039291277258567 0.1950936748843707 0.04377336448598133
1 0.3617455896007428 0.6189758566978193 0.1511988129018822 0.046510903426791296
1 0.5381442046529387 0.6112266355140188 0.14632546273397024 0.029182242990654216
1 0.6860941174428795 0.5770249221183801 0.12030649346141498 0.037390965732087264
1 0.842978505540659 0.5929867601246106 0.1707130398562987 0.04195093457943919
0 0.07235050633899981 0.6746066978193147 0.040645961870547295 0.039213395638629224
0 0.2552538637093345 0.659559968847352 0.08454082385303581 0.04559968847352014
0 0.43896944610765454 0.6344820872274143 0.03902151181457665 0.04286214953271035
0 0.48693237532432593 0.6153271028037384 0.06665798904884622 0.044688473520249336
0 0.6039899686737996 0.6280957943925234 0.02763647723426957 0.04103971962616822
0 0.6413800883381494 0.6226246105919003 0.037390119664349714 0.028271028037383062
0 0.7551887815756817 0.6226246105919003 0.03414121955240831 0.031919781931464185
0 0.9137045618236882 0.6212577881619938 0.035765669608379166 0.036479750778816114
1 0.16176468035994762 0.42198987538940813 0.09917475854528418 0.03556853582554531
1 0.36580671474066945 0.4589252336448598 0.10405505080745234 0.04012850467289723
1 0.5251347200166611 0.4598364485981308 0.10730395091939358 0.04195093457943919
1 0.6714601827506312 0.44478971962616826 0.08454082385303596 0.037390965732087264
1 0.8283515129426671 0.4612032710280373 0.08291637379706526 0.04286214953271035