2 0.4010416666666667 0.42513281249999996 0.10069791666666662 0.055992187500000054
2 0.4739583333333333 0.408203125 0.06944791666666662 0.045570312499999946
2 0.5182291666666666 0.408203125 0.08159374999999992 0.04296875
0 0.40538541666666666 0.6341171875 0.05382291666666662 0.046875
0 0.4572083333333333 0.5881093749999999 0.047135416666666666 0.030851562500000006
0 0.502625 0.5726875 0.03856249999999998 0.03471093750000005
0 0.5737604166666667 0.5521171875 0.03685416666666678 0.03599218749999995
3 0.38179166666666664 0.7793281249999999 0.10027083333333332 0.0520624999999999
3 0.4156458333333333 0.751046875 0.08741666666666663 0.023781250000000042
3 0.4529166666666667 0.718265625 0.05741666666666667 0.04178125000000001
3 0.47734375 0.70059375 0.04970833333333336 0.033421874999999976
3 0.48077083333333337 0.684203125 0.034281249999999965 0.025070312499999935
3 0.5274791666666666 0.6793828125 0.047135416666666666 0.050132812500000054