3 0.21894810170672238 0.7416761103016566 0.10319749216300941 0.03613797028075793
3 0.3570045280390107 0.7448236615793682 0.058571926158133024 0.03456811926943052
3 0.41977011494252875 0.7381439455261699 0.050198537095088765 0.04007044706413324
3 0.5285405781957506 0.7436462733208726 0.08646464646464645 0.038500596052805834
3 0.6052525252525253 0.7259619016782688 0.052998955067920565 0.042425223581124445
3 0.6770602577499129 0.7350042435035149 0.05717868338557995 0.04635770036449976
1 0.27543016370602574 0.5452563517643653 0.1854824103099965 0.056569581193184885
1 0.4888052943225356 0.5429015752473741 0.1631626610936956 0.043995074592451854
1 0.6707906652734238 0.5417241869888785 0.13387669801462915 0.04007044706413324
2 0.2893765238592824 0.37477053193420357 0.08785788923719953 0.04714262587016355
2 0.48252176941832103 0.36612850211684594 0.12271682340647866 0.05028232789281846
2 0.6680041797283175 0.37319283166781947 0.10877046325322187 0.042425223581124445