1 0.4055208333333334 0.5359921875 0.2209201388888889 0.04310156250000006
1 0.8952604166666666 0.502625 0.19619791666666664 0.047273437499999994
3 0.07569444444444444 0.7348203125 0.12359375 0.03892968749999994
3 0.2178298611111111 0.7296015625 0.10814236111111114 0.046578124999999915
3 0.35223958333333333 0.7080546875 0.08342013888888891 0.061875000000000034
3 0.46423611111111107 0.69728125 0.06951388888888882 0.04866406249999997
3 0.5947743055555555 0.6899765625 0.0926909722222222 0.05214062500000001
3 0.7175868055555555 0.696234375 0.07878472222222221 0.056312499999999946
3 0.8342361111111111 0.687546875 0.08032986111111108 0.04449218750000004
3 0.9230555555555555 0.7052734375 0.12204861111111104 0.05492187499999997
2 0.15756944444444448 0.3225703125 0.1761111111111111 0.06535156249999999
2 0.4263888888888889 0.365671875 0.16374999999999998 0.05005468750000004
2 0.7052430555555556 0.354546875 0.15911458333333328 0.03753906249999996
2 0.9114756944444444 0.3354296875 0.15756944444444443 0.045187500000000026