0 0.21084112149532713 0.5441121495327103 0.037609034267912754 0.04907580477673932
0 0.3184657320872274 0.5307736240913811 0.03360591900311523 0.08001557632398756
0 0.347671339563863 0.5195742471443406 0.028006230529595035 0.07468328141225342
0 0.4608956386292834 0.5286396677050883 0.02880451713395633 0.056547248182762286
0 0.49649922118380063 0.5323727933541017 0.02800623052959512 0.05974558670820353
0 0.6057242990654206 0.5451765316718588 0.03680685358255449 0.06614745586708205
0 0.6429322429906541 0.5062357217030115 0.03280763239875384 0.06934579439252335
0 0.7409501557632399 0.5083696780893042 0.03520638629283486 0.07788161993769466
3 0.22764797507788162 0.7340134994807893 0.03600856697819319 0.05120976116303216
3 0.286857476635514 0.7388161993769471 0.0440070093457944 0.048011422637590805
3 0.36287383177570093 0.7238785046728972 0.0440070093457944 0.06080996884735204
3 0.4404906542056075 0.7350830737279336 0.0440070093457944 0.06401349948078922
3 0.4952998442367601 0.7356178608515056 0.04640965732087228 0.06294392523364488
3 0.5833177570093457 0.7526843198338525 0.062414330218068595 0.052279335410176486
3 0.6389291277258567 0.7366822429906541 0.0360085669781931 0.05654724818276217
3 0.6985436137071651 0.743618899273105 0.052811526479750806 0.08108515057113194
2 0.271654984423676 0.24111630321910696 0.07761682242990649 0.09388369678089298
2 0.4148831775700935 0.22938213914849429 0.07761682242990653 0.08535306334371752
2 0.5649143302180686 0.22191069574247144 0.07041277258566989 0.06614745586708205
2 0.7137461059190031 0.19043613707165108 0.07521417445482878 0.08001557632398756