2 0.16666666666666666 0.22005078125000002 0.23610937499999995 0.1015625
2 0.7855885416666666 0.23762890625000002 0.1961822916666667 0.10546875
1 0.17447916666666666 0.55143359375 0.18576562500000005 0.08203125
1 0.765625 0.58073046875 0.26735937499999995 0.09114453124999997
0 0.22829687499999998 0.66731640625 0.07118229166666665 0.06901171875000003
0 0.287328125 0.61979296875 0.06770833333333333 0.0703125
0 0.732640625 0.68424609375 0.09722395833333337 0.06640625
3 0.17100520833333333 0.94661328125 0.1753489583333333 0.09635546875000003
3 0.22395833333333334 0.90625 0.11458333333333333 0.08073046875000003
3 0.75 0.92252734375 0.1805572916666667 0.04817578124999997
3 0.7430572916666667 0.95833203125 0.18402604166666664 0.08333203124999997