3 0.312109375 0.8243055555555555 0.06953125 0.08194444444444444
3 0.369921875 0.83125 0.04765625 0.06805555555555555
3 0.4234375 0.8104166666666667 0.034375 0.09027777777777778
3 0.492578125 0.8277777777777777 0.04765625 0.08611111111111111
3 0.528125 0.8048611111111111 0.034375 0.09027777777777778
3 0.582421875 0.8215277777777777 0.05859375 0.08194444444444444
3 0.640234375 0.8166666666666667 0.03984375 0.06944444444444445
3 0.690234375 0.8118055555555556 0.04140625 0.08194444444444444
0 0.29375 0.5388888888888889 0.0421875 0.08888888888888889
0 0.38203125 0.5222222222222223 0.0296875 0.07777777777777778
0 0.409765625 0.5423611111111111 0.02890625 0.06805555555555555
0 0.5109375 0.5340277777777778 0.0296875 0.07083333333333333
0 0.5328125 0.5263888888888889 0.021875 0.075
0 0.609765625 0.5236111111111111 0.02578125 0.10277777777777777
0 0.63671875 0.5458333333333333 0.0265625 0.06944444444444445
0 0.715234375 0.5534722222222223 0.03828125 0.07916666666666666
2 0.3328125 0.09583333333333334 0.0859375 0.14722222222222223
2 0.4703125 0.1125 0.0671875 0.10277777777777777
2 0.573828125 0.15416666666666667 0.08671875 0.11666666666666667
2 0.689453125 0.15486111111111112 0.06640625 0.08472222222222223