2 0.07205208333333334 0.2395859375 0.14409375000000002 0.140625
2 0.22742708333333334 0.283203125 0.12846875 0.08724218749999997
2 0.4505208333333333 0.2317734375 0.0954895833333333 0.0703125
2 0.6423645833333332 0.248046875 0.11458333333333333 0.05859375
2 0.8741354166666666 0.2975234375 0.109375 0.07942968749999997
1 0.23784375000000002 0.5299453125 0.20138541666666665 0.049476562499999946
1 0.43315624999999996 0.46158593750000004 0.16492708333333336 0.05859375
0 0.5104166666666666 0.5247421875 0.04861458333333341 0.046875
3 0.041666666666666664 0.9368515625 0.08333333333333333 0.08463281249999995
3 0.0578125 0.83671875 0.115625 0.0703125
3 0.17794791666666668 0.7838515625 0.08507291666666668 0.0703125
3 0.2864583333333333 0.75390625 0.10416666666666667 0.06771093750000005
3 0.3828125 0.7369765625 0.07117708333333338 0.0625
3 0.45138541666666665 0.7239609375 0.1076354166666667 0.06510156249999995
3 0.5486145833333332 0.703125 0.07291666666666667 0.052085937500000054
3 0.6614583333333334 0.7005234375 0.09721874999999992 0.057289062499999946
3 0.7508645833333334 0.69921875 0.07117708333333325 0.07291406249999995
3 0.8654479166666668 0.7135390625 0.06770833333333333 0.0703125