3 0.24698984698984694 0.7061111111111111 0.10008738897627784 0.04143738977072307
3 0.33819216041438266 0.6971516754850089 0.07587269809492023 0.05935626102292755
3 0.4011503567059122 0.6691534391534392 0.0920158253491587 0.04591710758377428
3 0.5149657594102038 0.6674779541446207 0.09685876352543027 0.044797178130511386
3 0.5658102546991436 0.6529188712522045 0.0661868217423774 0.04031746031746035
3 0.630382763716097 0.6456349206349206 0.08232994899661567 0.05263668430335109
3 0.721597788264455 0.659074074074074 0.08071563627119194 0.04591710758377428
3 0.8160287271398382 0.6629982363315696 0.07587269809492049 0.04255731922398596
0 0.2284188950855617 0.5381216931216931 0.05327231993898659 0.05263668430335109
0 0.424564246786469 0.5319664902998236 0.03874350541017211 0.03807760141093475
0 0.5464385019940575 0.5045238095238095 0.04358644358644356 0.04367724867724867
0 0.5867963201296534 0.48044973544973546 0.07264407264407258 0.04255731922398596
0 0.6884980218313551 0.4860493827160493 0.059729570840681895 0.0515167548500882
0 0.8596151707262818 0.48884479717813056 0.07910132354576795 0.05263668430335109
1 0.3139774695330251 0.48884479717813056 0.17596008707119823 0.05039682539682548
1 0.46815069037291257 0.4507671957671958 0.13883089438644997 0.04367724867724867
1 0.6247390247390247 0.44573192239858894 0.12268776713221151 0.04031746031746035
1 0.7934283489839046 0.4462874779541445 0.1598169598169599 0.03919753086419746
2 0.294605716827939 0.2878218694885361 0.1243020798576354 0.06943562610229277
2 0.453621875844098 0.2665432098765432 0.11623051623051633 0.06047619047619053
2 0.621510399288177 0.2486243386243386 0.09685876352543021 0.05823633156966492
2 0.7619556064000508 0.260379188712522 0.10977326532882063 0.0548765432098766