2 0.19427910052910052 0.2021329365079365 0.15046296296296297 0.08432539682539683
2 0.44477513227513227 0.2238343253968254 0.128968253968254 0.078125
0 0.11822089947089946 0.5270337301587301 0.09424603174603172 0.05952380952380949
0 0.296792328042328 0.521453373015873 0.03472222222222226 0.055803571428571355
0 0.32986111111111105 0.5493551587301587 0.064484126984127 0.05704365079365079
0 0.5646494708994709 0.5264136904761905 0.10747354497354493 0.09796626984126977
1 0.19262566137566137 0.48611111111111105 0.22982804232804235 0.04960317460317452
1 0.43981481481481477 0.4811507936507936 0.21494708994708986 0.06944444444444446
3 0.10912698412698413 0.7663690476190476 0.13227513227513227 0.09176587301587294
3 0.2488425925925926 0.7242063492063492 0.12070105820105817 0.06696428571428577
3 0.38442460317460314 0.728546626984127 0.13062169312169314 0.078125
3 0.5133928571428572 0.7508680555555556 0.10747354497354498 0.078125