3 0.37461059190031154 0.7462751325506122 0.03115264797507784 0.059702010604049074
3 0.4306853582554517 0.7497461796787546 0.029595015576324 0.036098890132680764
3 0.463006230529595 0.7351677817405566 0.025700934579439227 0.06525568600907676
3 0.4957165109034268 0.7400272477199559 0.027258566978193066 0.04998307864525043
3 0.5233644859813084 0.737250410017442 0.03582554517133953 0.04720624094273631
3 0.5549065420560748 0.7414156665712128 0.035046728971962614 0.04998307864525043
3 0.589563862928349 0.7296141063355288 0.029595015576324 0.06803252371159073
3 0.6273364485981309 0.7365562005918135 0.033489096573208775 0.05137149749650733
3 0.661214953271028 0.7330851534636711 0.04049844236760123 0.04998307864525035
3 0.7059968847352025 0.738638828868699 0.035046728971962614 0.04998307864525043
0 0.375 0.5775822421228924 0.03816199376947038 0.07219778026536153
0 0.4427570093457944 0.5963258966148614 0.05373831775700939 0.08191671222416017
0 0.5062305295950156 0.5803590798254062 0.026479750778816147 0.05275991634776424
0 0.5700934579439252 0.5699459384409792 0.01713395638629276 0.029156795876396083
0 0.5829439252336448 0.5671691007384653 0.019470404984423696 0.0458178220914794
0 0.6382398753894081 0.5692517290153507 0.019470404984423696 0.030545214727652988
0 0.6561526479750779 0.5643922630359514 0.028816199376947082 0.06803252371159066
0 0.7313084112149533 0.5616154253334374 0.021806853582554454 0.06247884830656288
1 0.40381619937694707 0.514409184390701 0.07087227414330215 0.05692517290153511
1 0.48208722741433024 0.5366238860108123 0.06386292834890969 0.037487308983937664
1 0.5420560747663552 0.5234339069238713 0.059190031152648 0.055536754050278046
1 0.6148753894080997 0.5123265561138156 0.05373831775700939 0.05275991634776424
1 0.6935358255451713 0.5116323466881872 0.06931464174454831 0.0458178220914794
2 0.4030373831775701 0.33946840913232507 0.050623052959501535 0.05414833519902118
2 0.4832554517133956 0.34918734109112365 0.03660436137071645 0.05692517290153503
2 0.5420560747663552 0.338079990281068 0.03738317757009337 0.051371497496507254
2 0.617601246105919 0.34155103740921045 0.04672897196261676 0.04165256553770861
2 0.6958722741433021 0.30822898497904355 0.05373831775700939 0.0610904294553059