2 0.1647136929460581 0.4635352697095435 0.07287966804979251 0.04664730290456429
2 0.26529460580912867 0.443609958506224 0.042755186721991655 0.03790041493775931
2 0.30902074688796677 0.4338921161825726 0.04664730290456438 0.03206639004149388
2 0.37655601659751037 0.4372946058091287 0.06511203319502079 0.042755186721991655
2 0.478597510373444 0.4377842323651452 0.05733609958506225 0.03400829875518667
2 0.5582821576763486 0.42611618257261413 0.05927800829875522 0.03984232365145228
2 0.6739170124481328 0.4465228215767635 0.06511203319502083 0.035958506224066336
2 0.8255186721991702 0.43680497925311207 0.06511203319502075 0.05150207468879664
0 0.10670539419087137 0.6354439834024896 0.030273858921161835 0.033228215767634774
0 0.2174771784232365 0.6328630705394191 0.04652282157676353 0.038398340248962624
0 0.3300912863070539 0.6143983402489627 0.03101244813278008 0.03248962655601666
0 0.33931950207468875 0.6059087136929461 0.018464730290456456 0.025842323651452403
0 0.4116929460580912 0.6155103734439835 0.02879668049792534 0.0420912863070539
0 0.5036348547717842 0.6243734439834026 0.03396680497925324 0.036182572614107754
0 0.6066473029045644 0.6192033195020746 0.02141908713692935 0.033228215767634774
0 0.6262157676348548 0.6387717842323652 0.022157676348547817 0.04282987551867219
0 0.7152033195020747 0.6432033195020747 0.024365145228215646 0.04578423236514535
0 0.7561825726141079 0.648 0.0295352697095435 0.04947717842323644
0 0.8798755186721993 0.6598174273858921 0.039136929460580915 0.04504564315352688
1 0.17353526970954358 0.5848630705394191 0.09009128630705394 0.04282987551867219
1 0.27877178423236515 0.5793195020746889 0.08639834024896267 0.036182572614107754
1 0.3784647302904564 0.5844896265560166 0.08787551867219912 0.028796680497925387
1 0.46929460580912863 0.5856016597510373 0.07015767634854768 0.035443983402489644
1 0.554954356846473 0.5859668049792531 0.09082987551867223 0.0420912863070539
1 0.6742157676348548 0.6147717842323651 0.09156846473029034 0.05095435684647302
1 0.8196929460580913 0.6070124481327801 0.1196348547717843 0.04282987551867219
3 0.1417842323651452 0.7687385892116183 0.035443983402489596 0.0295352697095435
3 0.19495435684647303 0.7613526970954356 0.033966804979253126 0.0295352697095435
3 0.2366804979253112 0.7491701244813278 0.039136929460580915 0.03027385892116179
3 0.2846804979253112 0.746954356846473 0.040614107883817405 0.03175103734439837
3 0.32381742738589214 0.7380912863070539 0.027319502074688806 0.024365145228215646
3 0.3603734439834025 0.7403070539419088 0.036921161825726134 0.028796680497925387
3 0.3976597510373444 0.7502738589211619 0.046522821576763504 0.026580912863070516
3 0.44270539419087135 0.7536016597510373 0.037659751037344515 0.028796680497925387
3 0.4966141078838174 0.7613526970954356 0.03027385892116179 0.026580912863070516
3 0.5265228215767636 0.7665228215767634 0.038398340248962624 0.04726141078838175
3 0.5737842323651452 0.7790788381742738 0.03248962655601666 0.035443983402489644
3 0.6409875518672199 0.7905228215767635 0.0561244813278007 0.033228215767634774
3 0.6908298755186723 0.79901244813278 0.034705394190871354 0.035443983402489734
3 0.7846141078838175 0.8148962655601661 0.03175103734439837 0.036182572614107754
3 0.8477510373443984 0.8226804979253112 0.05021576763485491 0.03699585062240658