3 0.21934375 0.70625 0.06202083333333335 0.032140625000000075
3 0.27065625 0.6897578125 0.058645833333333286 0.03129687499999996
3 0.36652083333333335 0.6825703125 0.05638541666666666 0.04060156250000002
3 0.4291041666666667 0.686796875 0.04623958333333332 0.025375000000000016
3 0.47872916666666665 0.68553125 0.05526041666666662 0.032984375000000024
3 0.5604895833333334 0.6927187499999999 0.05413541666666669 0.02875781249999996
3 0.62928125 0.6914453125 0.058645833333333286 0.026218749999999957
3 0.691875 0.7016015624999999 0.0394687500000001 0.04482812500000009
2 0.26953125 0.354390625 0.07442708333333338 0.043984374999999964
2 0.39640625 0.3683515625 0.07105208333333338 0.044828124999999996
2 0.5356770833333333 0.3632734375 0.07668749999999988 0.044828124999999996
2 0.6766458333333334 0.36242968750000004 0.06766666666666671 0.03806250000000002
1 0.52721875 0.518484375 0.1116458333333334 0.030445312500000023
0 0.4657604166666667 0.558234375 0.03834374999999994 0.03890624999999996
0 0.6005208333333333 0.5620390625 0.05075000000000003 0.04144531249999996