2 0.26909374999999996 0.125 0.2013854166666667 0.07552343750000001
2 0.5538229166666666 0.12825781249999998 0.15971874999999994 0.08984375
2 0.7986145833333332 0.17578125 0.21875 0.13541406250000004
1 0.27169791666666665 0.435546875 0.2517395833333333 0.08203125
1 0.5460104166666666 0.44986718750000004 0.23090625000000006 0.10286718750000005
1 0.8446145833333334 0.5358046875 0.2621562500000001 0.08984375
3 0.18576041666666668 0.8326796875 0.09028125000000002 0.09244531249999995
3 0.37846874999999996 0.7766953125 0.11805208333333338 0.08984375
3 0.4505208333333333 0.802734375 0.11632291666666662 0.09765625
3 0.58940625 0.83984375 0.0954895833333334 0.0859375
3 0.7196145833333334 0.876953125 0.14409374999999994 0.07682031249999995
3 0.86284375 0.927734375 0.10069791666666675 0.08203125