2 0.19444791666666666 0.2721328125 0.10763541666666665 0.0703125
2 0.3932291666666667 0.3053359375 0.10242708333333338 0.04296875
2 0.5364583333333334 0.28515625 0.0763854166666666 0.0546875
2 0.671875 0.3203125 0.09721874999999992 0.0546875
0 0.14322916666666666 0.5104140625 0.039927083333333314 0.046875
0 0.2864583333333333 0.49869531250000004 0.05555208333333338 0.052085937500000054
0 0.32378124999999996 0.49283593750000004 0.05034375000000004 0.05859375
0 0.4401041666666667 0.49153906249999996 0.06076041666666671 0.048179687500000054
0 0.4765625 0.48111718750000004 0.06770833333333333 0.04296875
0 0.5798645833333332 0.48111718750000004 0.03125 0.03515625
0 0.5946145833333334 0.482421875 0.03298958333333341 0.048179687500000054
0 0.6961770833333334 0.494140625 0.052083333333333336 0.029945312499999942
3 0.17273958333333334 0.6647109375 0.057291666666666664 0.05078125
3 0.27169791666666665 0.6556015625 0.07465624999999995 0.053382812499999946
3 0.35242708333333334 0.6380234375 0.04861458333333329 0.0390625
3 0.40971874999999996 0.6341171875 0.05555208333333338 0.0390625
3 0.48871875000000004 0.6243515625 0.046875 0.048179687500000054
3 0.5538229166666666 0.6217421875 0.05903125000000008 0.04296875
3 0.6015625 0.6061171875 0.05034374999999992 0.040367187500000054
3 0.65625 0.61328125 0.04861458333333341 0.0390625