3 0.19371191135734073 0.5877890625 0.05240997229916902 0.019921875
3 0.2546814404432133 0.5746171875 0.1014127423822715 0.020570312499999945
3 0.31792243767313016 0.5633671875 0.0774792243767313 0.030210937500000055
3 0.37717451523545703 0.5582265625 0.07292243767313017 0.026351562500000016
3 0.4375623268698061 0.5424765625 0.06153739612188359 0.023140624999999915
3 0.46890581717451524 0.5373359375 0.055831024930748006 0.024421874999999992
3 0.5253047091412743 0.5276953125 0.05698060941828253 0.01928125000000005
3 0.5520775623268699 0.5254453125 0.05811634349030476 0.027640625000000085
3 0.6084903047091412 0.5283359375 0.05013850415512472 0.012851562500000035
1 0.23473684210526313 0.42228125 0.1230609418282548 0.03728125000000002
1 0.4347229916897507 0.44381250000000005 0.0786288088642659 0.022492187499999972
1 0.5976592797783934 0.42003124999999997 0.12192520775623265 0.023781250000000042
2 0.23018005540166206 0.287625 0.10939058171745154 0.05720312500000002
2 0.3298891966759003 0.310765625 0.07407202216066484 0.034062500000000016
2 0.436994459833795 0.321375 0.05811634349030476 0.03985156249999999
2 0.5184626038781163 0.3120546875 0.06380886426592805 0.04049218750000003
2 0.6045013850415513 0.32940625 0.055831024930748006 0.032781250000000026