3 0.239671875 0.67115625 0.03709895833333334 0.03339062500000001
3 0.2693541666666667 0.6822851562500001 0.0460052083333333 0.02448828125000002
3 0.32426041666666666 0.6911875000000001 0.07568749999999996 0.02448828125000002
3 0.3799114583333333 0.70566015625 0.04748958333333337 0.020035156249999984
3 0.42740104166666665 0.72346875 0.08310416666666663 0.03339062500000001
3 0.48082812500000005 0.73960546875 0.05935937500000001 0.03450390624999997
3 0.5127343750000001 0.76576171875 0.07271874999999994 0.037843750000000044
3 0.5980677083333333 0.77744921875 0.0534270833333333 0.05453906249999996
3 0.6670729166666667 0.7935859375 0.09349479166666655 0.02893749999999997
3 0.7279166666666667 0.8097265625000001 0.07865625 0.052312500000000026
0 0.22186458333333334 0.5481640624999999 0.03709895833333334 0.03895703125000001
0 0.3086770833333333 0.557625 0.041552083333333316 0.02893749999999997
0 0.39327083333333335 0.576546875 0.04748958333333337 0.03116406250000008
0 0.49195833333333333 0.5999218749999999 0.0460052083333333 0.04007031249999997
0 0.6151302083333333 0.61773046875 0.048973958333333435 0.04229687500000008
0 0.655203125 0.60715625 0.03413020833333344 0.06344140624999994
0 0.77540625 0.6166171874999999 0.051942708333333344 0.04229687500000008
2 0.27899999999999997 0.38566406249999996 0.08310416666666663 0.06121484375000001
2 0.3635885416666667 0.37898437500000004 0.07123437499999999 0.058992187499999994
2 0.4600520833333333 0.36841015625 0.07717187500000004 0.048972656250000045
2 0.5646770833333333 0.38955859375 0.09052604166666664 0.04229687500000008
2 0.7561145833333334 0.31832421875 0.09349479166666655 0.06678125000000001