2 0.28458333333333335 0.24162754303599374 0.06416666666666666 0.07511737089201878
2 0.49041666666666667 0.25477308294209705 0.11083333333333342 0.07887323943661971
0 0.25250000000000006 0.5602503912363068 0.040000000000000036 0.056338028169014086
0 0.31125 0.5702660406885759 0.0375 0.06635367762128322
0 0.4395833333333334 0.6134585289514868 0.03583333333333325 0.05758998435054773
0 0.5254166666666668 0.6353677621283256 0.04250000000000007 0.07636932707355241
1 0.29000000000000004 0.49201877934272303 0.07333333333333333 0.052582159624413094
1 0.48875 0.5439749608763693 0.11083333333333326 0.051330203442879516
3 0.26625 0.7805946791862285 0.07416666666666663 0.0338028169014084
3 0.3204166666666667 0.796870109546166 0.03083333333333336 0.06885758998435064
3 0.4800000000000001 0.8663536776212832 0.06833333333333336 0.047574334898278524
3 0.5270833333333333 0.8995305164319249 0.05250000000000003 0.0588419405320815