3 0.14228125 0.7153515625 0.06581250000000001 0.027804687499999935
3 0.2085625 0.704578125 0.03707291666666664 0.03128124999999997
3 0.2669583333333333 0.7035390625 0.044489583333333374 0.03753906249999996
3 0.4226770833333333 0.6819843750000001 0.0370729166666667 0.036148437499999984
3 0.4759791666666667 0.6819843750000001 0.036145833333333384 0.036148437499999984
3 0.5181458333333333 0.6854609375 0.03521875000000006 0.03058593750000007
3 0.5626458333333333 0.6798984375 0.05005208333333329 0.034757812500000006
3 0.6066666666666667 0.6906718749999999 0.0417083333333333 0.03267187499999995
3 0.6409687500000001 0.6931093749999999 0.043562499999999935 0.022250000000000013
3 0.6646041666666667 0.70040625 0.07044791666666678 0.025718750000000058
3 0.7206875 0.701796875 0.03800000000000002 0.03128124999999997
3 0.76146875 0.7063125 0.03800000000000002 0.03892968749999994
3 0.8314479166666667 0.7111796874999999 0.031510416666666666 0.029195312499999914
1 0.15942708333333336 0.5485078125 0.10566666666666666 0.027804687499999935
1 0.2859583333333333 0.554765625 0.10473958333333329 0.026414062499999957
1 0.39486458333333335 0.5328671875000001 0.10195833333333333 0.02432812500000008
1 0.4866354166666666 0.540515625 0.10752083333333336 0.01877343749999998
1 0.5835 0.5498984375 0.0806458333333334 0.025023437499999978
1 0.696125 0.5457265625 0.08713541666666676 0.027804687499999935
1 0.794375 0.543640625 0.08713541666666676 0.03336718750000003
2 0.14413541666666668 0.42302343750000004 0.06581250000000001 0.03823437500000004
2 0.2637083333333333 0.4202421875 0.09546875000000003 0.036843750000000064
2 0.37957291666666665 0.40981249999999997 0.08250000000000005 0.028500000000000015
2 0.4764375 0.41607031250000004 0.07971874999999998 0.046578124999999915
2 0.5668124999999999 0.4174609375 0.06766666666666671 0.036843750000000064
2 0.6669166666666667 0.3976484375 0.06952083333333334 0.047273437499999994
2 0.7874166666666667 0.41294531250000005 0.06581250000000007 0.04310156250000006
0 0.6270625 0.5669296875 0.02873958333333325 0.036843750000000064
0 0.734125 0.5641484375 0.040781250000000095 0.041015625