2 0.32986458333333335 0.3600234375 0.13541666666666666 0.05338281250000003
2 0.5807291666666666 0.337890625 0.16840625000000006 0.06640625
0 0.25 0.5924453125 0.06596875000000005 0.0703125
0 0.44096874999999996 0.5794296875 0.04861458333333329 0.057289062499999946
0 0.4921875 0.5904921875 0.05382291666666662 0.06640625
0 0.671875 0.5989609375 0.09375 0.0703125
1 0.6024270833333334 0.53125 0.19791666666666666 0.044273437500000054
1 0.3515625 0.5540390625 0.19617708333333336 0.045570312499999946
3 0.32378124999999996 0.7779921875 0.0920104166666667 0.05859375
3 0.421875 0.759765625 0.10069791666666662 0.06380468750000005
3 0.5399270833333334 0.7578125 0.09375 0.049476562499999946
3 0.6631979166666666 0.7604140625 0.11458333333333333 0.059898437500000054