2 0.255109375 0.35702083333333334 0.05897656250000001 0.04212500000000006
2 0.3256171875 0.36565624999999996 0.05911718749999997 0.05023958333333335
2 0.3881875 0.3615729166666667 0.03651562500000001 0.039010416666666714
2 0.45040625 0.37788541666666664 0.040687499999999946 0.047218750000000045
2 0.5098828125 0.3533958333333333 0.02678124999999998 0.0409791666666667
2 0.568921875 0.3916354166666667 0.041796875 0.025843749999999943
2 0.6505703125 0.37032291666666667 0.041312500000000085 0.04125000000000002
2 0.718234375 0.37338541666666664 0.03577343749999997 0.036687500000000026
3 0.233921875 0.8095833333333334 0.036070312499999965 0.0447604166666667
3 0.2651171875 0.7757604166666667 0.07440625000000001 0.03818750000000008
3 0.2982890625 0.7571458333333333 0.03767968750000002 0.04678125000000009
3 0.3315078125 0.7370625000000001 0.03996093749999998 0.03715625000000008
3 0.37722656250000003 0.7147291666666666 0.029476562500000015 0.04592708333333325
3 0.40462499999999996 0.7054166666666667 0.031593750000000045 0.04868750000000001
3 0.42982031249999997 0.7031562499999999 0.021273437500000013 0.04264583333333339
3 0.454203125 0.6956041666666667 0.028812500000000085 0.03822916666666672
3 0.481703125 0.6803645833333333 0.027687500000000042 0.03828125
3 0.5071328125 0.6800520833333333 0.027023437499999935 0.040718749999999915
3 0.5459375 0.6784479166666666 0.027890625000000037 0.04208333333333343
3 0.579015625 0.6869791666666667 0.025320312500000063 0.03931250000000001
3 0.6119140625 0.6882708333333334 0.02583593749999995 0.0464687499999999
3 0.68115625 0.6942291666666667 0.02803906250000008 0.03852083333333335
3 0.6946953125 0.6842708333333333 0.034500000000000065 0.03235416666666661
3 0.7232890624999999 0.7056458333333333 0.02754687499999999 0.03387499999999998