0 0.2540234375 0.8266770833333333 0.025460937500000023 0.04564583333333327
0 0.302375 0.8334791666666667 0.027296874999999953 0.03726041666666665
0 0.40011718749999997 0.8338125000000001 0.041304687499999916 0.04342708333333339
0 0.48859375 0.8823020833333334 0.038148437499999945 0.05973958333333324
0 0.5376562500000001 0.91303125 0.04964062499999997 0.04970833333333336
1 0.283296875 0.77440625 0.07576562500000002 0.03460416666666669
1 0.3555078125 0.7814479166666667 0.07718749999999996 0.03585416666666674
1 0.4528359375 0.7819791666666667 0.09587500000000002 0.03876041666666671
1 0.5272890625 0.8137708333333333 0.07015624999999996 0.052833333333333364
2 0.28796875 0.5946145833333334 0.05623437500000002 0.05266666666666661
2 0.35957812499999997 0.5808645833333334 0.05784374999999997 0.041666666666666664
2 0.456625 0.5483125 0.06082812499999992 0.06455208333333336
2 0.517140625 0.568125 0.060867187500000065 0.06933333333333327