2 0.2896354166666667 0.1301484375 0.2042604166666667 0.0759296875
2 0.5646979166666667 0.12578125 0.20855208333333336 0.11407031249999999
2 0.8002604166666667 0.18463281250000002 0.18803124999999998 0.09426562500000002
1 0.28047916666666667 0.43834375000000003 0.24429166666666666 0.07356250000000006
1 0.5322395833333333 0.44097656250000006 0.23531249999999998 0.08507031250000008
1 0.84515625 0.542359375 0.24864583333333337 0.10660156250000004
3 0.18444791666666666 0.8342890625000001 0.13555208333333332 0.08107812500000015
3 0.3806145833333333 0.7893984374999999 0.15707291666666662 0.06004687499999992
3 0.4643333333333333 0.811328125 0.10783333333333331 0.09139843749999983
3 0.5958958333333333 0.8385859375000001 0.08763541666666678 0.08342187500000016
3 0.7330833333333333 0.8818359375 0.1495 0.057421875
3 0.8545520833333333 0.9275078125 0.09660416666666667 0.07377343749999987