2 0.2604166666666667 0.34440234375 0.09027604166666663 0.04296875
2 0.4208177083333334 0.34305859375000003 0.10733854166666662 0.051230468750000036
2 0.5556041666666667 0.35037890625 0.07928645833333334 0.05489062499999999
2 0.6879479166666667 0.3631875 0.0975833333333334 0.04940234375000001
2 0.8148072916666667 0.32613671875 0.09026041666666676 0.06312109374999997
3 0.20065104166666667 0.6696523437499999 0.06464583333333333 0.03842187500000005
3 0.2915260416666667 0.6737695312499999 0.060989583333333285 0.03201953124999992
3 0.357390625 0.6691953125000001 0.060989583333333285 0.037507812499999994
3 0.43423958333333335 0.6710234374999999 0.07318749999999999 0.026531250000000027
3 0.488515625 0.6710234374999999 0.05977083333333333 0.04116796874999995
3 0.5574322916666666 0.67285546875 0.06830729166666671 0.04482812500000009
3 0.6263489583333333 0.67194140625 0.06464583333333328 0.04116796874999995
3 0.69465625 0.67285546875 0.054890624999999936 0.037507812499999994
3 0.7489375 0.6669101562499999 0.06830729166666671 0.04025390625000007
3 0.8044375 0.6710234374999999 0.04269270833333323 0.05031640624999998
0 0.31226041666666665 0.5255664062500001 0.017078124999999982 0.03567968750000006
0 0.34153645833333335 0.530140625 0.046348958333333336 0.026531250000000027
0 0.47754166666666664 0.53288671875 0.04269270833333335 0.03018750000000008
0 0.6111041666666667 0.53608984375 0.04879166666666658 0.03842187500000005
0 0.7367395833333333 0.5438632812499999 0.019515624999999894 0.03018750000000008