3 0.11077083333333333 0.9005078125000001 0.09655208333333333 0.06039062500000014
3 0.25805208333333335 0.8458671875 0.09110416666666664 0.04798437500000006
3 0.31130208333333337 0.8249609375 0.07260416666666672 0.05304687500000007
3 0.4227604166666667 0.7889296875 0.10385416666666672 0.055984375000000065
3 0.5054479166666667 0.7668125 0.0692291666666667 0.05550781249999996
3 0.56984375 0.7521953124999999 0.06885416666666658 0.054398437500000084
3 0.6516666666666667 0.7727109375000001 0.057500000000000044 0.04854687500000008
3 0.7496875000000001 0.7732734375 0.0618750000000001 0.05904687499999994
3 0.8172604166666667 0.793921875 0.06786458333333342 0.05972656249999986
3 0.9325729166666666 0.7758749999999999 0.0901458333333333 0.051742187500000016
2 0.19802083333333334 0.33122656250000004 0.129375 0.07183593750000003
2 0.39753125 0.33892968749999997 0.10755208333333334 0.055984374999999975
2 0.5354166666666667 0.3098125 0.08751041666666666 0.038382812499999995
2 0.7426145833333333 0.34046875 0.10189583333333327 0.055929687500000026
2 0.9158854166666667 0.3283125 0.12760416666666666 0.06912500000000002