2 0.16719791666666667 0.326359375 0.12136458333333332 0.05356249999999996
2 0.3536458333333333 0.299796875 0.08440624999999997 0.05253125000000001
2 0.5111875 0.31150781250000004 0.09845833333333331 0.053390625000000025
2 0.64571875 0.3336484375 0.10585416666666679 0.07857031250000004
2 0.7503854166666667 0.2984140625 0.14153125000000014 0.07234375000000001
1 0.36543749999999997 0.4766484375 0.11956249999999997 0.04153125000000006
0 0.4140416666666667 0.5235937500000001 0.061624999999999965 0.03991406249999994
1 0.6555729166666667 0.545609375 0.109375 0.05093750000000004
3 0.10613541666666666 0.7005312499999999 0.09880208333333333 0.049921875000000074
3 0.21817708333333333 0.687546875 0.08902083333333331 0.03959375000000005
3 0.31396875 0.6830625 0.08609374999999998 0.046250000000000034
3 0.4023541666666667 0.6849453125 0.0938229166666666 0.06042187499999994
3 0.48491666666666666 0.6927421875 0.062124999999999986 0.04302343749999995
3 0.5576666666666666 0.7123828125 0.06173958333333331 0.04409375000000004
3 0.62934375 0.7321953125 0.08236458333333327 0.042054687499999945
3 0.6761979166666666 0.7607421875 0.06723958333333328 0.04703906250000003
3 0.7137083333333333 0.8262890625000001 0.06355208333333333 0.03052343750000013
3 0.7347708333333334 0.8608828125000001 0.13114583333333343 0.05281249999999993