2 0.325546875 0.26821875 0.06627343750000003 0.12273958333333337
2 0.45471874999999995 0.30955208333333334 0.08577343749999997 0.08635416666666665
2 0.569359375 0.29360416666666667 0.06505468749999999 0.06636458333333337
2 0.682984375 0.34570833333333334 0.04900781250000001 0.06046874999999995
2 0.781109375 0.32910416666666664 0.01981249999999992 0.02130208333333338
0 0.26828124999999997 0.5659791666666667 0.04385937499999999 0.07185416666666669
0 0.381984375 0.5639583333333333 0.031148437500000004 0.058333333333333334
0 0.408515625 0.5653645833333333 0.02907031250000003 0.05877083333333341
0 0.49546875 0.5624166666666667 0.025117187500000072 0.05524999999999996
0 0.521203125 0.5529166666666666 0.028554687499999964 0.06233333333333325
0 0.5950624999999999 0.5658958333333334 0.01997656249999995 0.04086458333333335
0 0.6233046875 0.5997083333333334 0.01931250000000002 0.05868749999999991
0 0.70921875 0.6017291666666666 0.018789062499999964 0.04613541666666663
3 0.2981484375 0.7826041666666667 0.05549999999999997 0.046718749999999906
3 0.3540078125 0.7797291666666666 0.03932031250000003 0.04967708333333339
3 0.4265625 0.7612604166666667 0.03685156250000006 0.05279166666666673
3 0.46645312499999997 0.7654270833333333 0.04087499999999995 0.048937500000000016
3 0.5231328125 0.754875 0.030164062499999922 0.057437500000000107
3 0.57471875 0.7568645833333334 0.03407031249999992 0.05096875000000007
3 0.632015625 0.7719583333333334 0.02982812500000005 0.05504166666666658
3 0.6722109374999999 0.7725000000000001 0.048835937499999996 0.05088541666666657