2 0.33975 0.2437109375 0.1350416666666667 0.07491406249999999
2 0.5350972222222222 0.2823671875 0.1035416666666666 0.055367187500000005
2 0.7535 0.2690546875 0.10143055555555552 0.053726562499999984
0 0.27105555555555555 0.48250000000000004 0.09768055555555553 0.055625000000000036
0 0.4234305555555556 0.47403125 0.046861111111111124 0.05118749999999998
0 0.45888888888888885 0.4783359375 0.0566666666666666 0.05041406249999998
0 0.6208194444444445 0.4915859375 0.04719444444444447 0.03629687500000003
0 0.6520555555555556 0.47815624999999995 0.07077777777777783 0.05005468749999995
0 0.8393055555555555 0.46706250000000005 0.07306944444444431 0.07787500000000006
3 0.29033333333333333 0.6325390625 0.08068055555555552 0.03590625000000003
3 0.39537500000000003 0.6311093750000001 0.06852777777777783 0.03826562500000001
3 0.46043055555555557 0.642109375 0.06901388888888896 0.049843749999999964
3 0.5737361111111111 0.6318984375000001 0.09655555555555553 0.03462499999999995
3 0.70725 0.6269843749999999 0.07191666666666663 0.050843749999999945
3 0.8103194444444444 0.6277578125 0.08361111111111118 0.044578124999999955