2 0.18166666666666667 0.08641354922761958 0.1227604166666667 0.12229666852782427
2 0.41109375000000004 0.1269495626279546 0.13765625000000004 0.11565233575283827
2 0.5784895833333333 0.15421552205471806 0.1550173611111111 0.1356039456541969
2 0.8364409722222224 0.09571933742788015 0.1351736111111112 0.08507351572678207
1 0.19468750000000004 0.42938767913642284 0.2356076388888889 0.0983807928531547
3 0.11967013888888892 0.8474967429741298 0.08060763888888892 0.11034803647868958
3 0.23189236111111108 0.8361995160990138 0.09671874999999999 0.11699236925367587
3 0.31746527777777783 0.8029592406476829 0.08184027777777772 0.11433091382840113
3 0.45076388888888885 0.8036292573981016 0.09052083333333324 0.10768658105341523
3 0.5375694444444444 0.8455053042992742 0.08803819444444443 0.10368509212730324
3 0.6367881944444445 0.8700911967243625 0.09052083333333324 0.10502512562814069
3 0.7285416666666666 0.8833798622743345 0.11532986111111114 0.09970221477759178
3 0.8351909722222223 0.9152987158012282 0.08803819444444443 0.09437930392704261
1 0.6119791666666667 0.5144798064396054 0.1847743055555556 0.10104224827842914