2 0.1469022869022869 0.294 0.10550935550935552 0.05611718750000003
2 0.33518711018711017 0.2848515625 0.10875259875259875 0.0695390625
2 0.4983160083160083 0.2885078125 0.10388773388773394 0.042695312499999985
3 0.14121621621621622 0.672171875 0.0649272349272349 0.04635937499999994
3 0.24266112266112266 0.6660703125 0.05356548856548854 0.04147656249999994
3 0.3441164241164241 0.652046875 0.04869022869022872 0.04269531250000007
3 0.409043659043659 0.6496015625 0.04220374220374223 0.040257812499999976
3 0.4942515592515593 0.653265625 0.056808731808731784 0.037820312500000064
3 0.5656756756756757 0.6557031249999999 0.0568087318087319 0.035374999999999976
0 0.4512370062370062 0.50321875 0.06168399168399172 0.05733593750000008
0 0.6159979209979211 0.48186718749999996 0.0568087318087319 0.04635937499999994
1 0.5137318087318087 0.4635703125 0.17367983367983372 0.06099218749999995