2 0.2775 0.20031298904538344 0.07666666666666666 0.06259780907668229
2 0.5725 0.26854460093896715 0.06666666666666661 0.06885758998435054
0 0.22583333333333333 0.5477308294209703 0.05166666666666666 0.04632237871674495
0 0.31583333333333335 0.5471048513302035 0.036666666666666625 0.06259780907668236
0 0.5050000000000001 0.5796557120500783 0.040000000000000036 0.042566510172143954
0 0.6166666666666667 0.5921752738654147 0.03499999999999996 0.06009389671361501
1 0.27 0.46885758998435056 0.10166666666666666 0.06134585289514865
1 0.5691666666666667 0.5164319248826291 0.11333333333333329 0.06384976525821594
3 0.21875 0.789358372456964 0.05916666666666668 0.04131455399061038
3 0.3091666666666667 0.7906103286384977 0.040000000000000036 0.056338028169014086
3 0.5320833333333334 0.8156494522691706 0.03916666666666675 0.056338028169014086
3 0.58875 0.8225352112676058 0.04083333333333332 0.05508607198748051