3 0.014760416666666668 0.8548203125 0.029510416666666664 0.10286718750000005
3 0.18403124999999998 0.8326796875 0.09375 0.07421875
3 0.2630208333333333 0.8203125 0.08854166666666667 0.0703125
3 0.3671875 0.81640625 0.0920104166666667 0.08853906249999995
3 0.5008645833333333 0.8170546875 0.10590624999999995 0.061195312499999946
3 0.609375 0.8196640625 0.08680208333333325 0.06380468750000005
3 0.6423645833333332 0.7897109375 0.09721874999999992 0.07421875
3 0.7708333333333334 0.8020859375 0.08333333333333333 0.08072656249999995
3 0.86284375 0.7838515625 0.14583333333333334 0.0390625
3 0.93403125 0.8170546875 0.1111145833333334 0.07161718750000005
0 0.11892708333333334 0.5078125 0.11632291666666665 0.07552343750000005
0 0.10330208333333334 0.5234375 0.13367708333333334 0.0625
0 0.22569791666666666 0.599609375 0.07291666666666667 0.06380468750000005
0 0.3932291666666667 0.58203125 0.06076041666666671 0.08072656249999995
0 0.43403125000000004 0.5852890625 0.05555208333333338 0.06380468750000005
0 0.6076354166666668 0.5911484375 0.06944791666666675 0.0546875
0 0.8029479166666668 0.5716171875 0.0920104166666666 0.06771093750000005
0 0.9661458333333334 0.5703125 0.06770833333333333 0.09896093750000005
1 0.11458333333333333 0.5520859375 0.20833333333333334 0.06771093750000005
2 0.06944791666666666 0.2467421875 0.13888541666666668 0.09505468749999997
2 0.29601041666666666 0.283203125 0.16145833333333334 0.07942968749999997
2 0.5086770833333333 0.25390625 0.15278124999999995 0.09375
2 0.70659375 0.2623671875 0.13194791666666675 0.07942968749999997
2 0.90190625 0.2350234375 0.1545104166666666 0.09244531250000003