2 0.17082093253968253 0.19905068136579387 0.07750496031746032 0.14290818149339052
2 0.32583085317460314 0.20415454499055782 0.06138392857142856 0.1378043178686265
2 0.396515376984127 0.27178073801868013 0.030381944444444465 0.0331751135609656
2 0.5567956349206349 0.19522278364722093 0.07192460317460317 0.11738886336957076
2 0.6649925595238095 0.1531159087429184 0.07130456349206345 0.13270045424386262
2 0.7564484126984127 0.14354616444648596 0.07688492063492056 0.12376869290052571
1 0.33699156746031744 0.560149032817843 0.09486607142857144 0.07910988618384109
1 0.5546254960317459 0.5103863624763947 0.10602678571428577 0.11228499974480688
3 0.1984375 0.9807073954983923 0.065625 0.03858520900321544
3 0.30226934523809523 0.9499566171591893 0.027901785714285678 0.07528198846526828
3 0.4929315476190476 0.8874342877558312 0.0756448412698413 0.06252232940335838
3 0.5639260912698412 0.8906242025213087 0.031622023809523725 0.08166181799622321
3 0.6392609126984127 0.9423008217220435 0.06076388888888893 0.059970397590976256