2 0.6074373576309796 0.3087813211845103 0.05315489749430533 0.08858769931662866
2 0.6340205011389521 0.42710706150341693 0.055683371298405504 0.0696013667425968
2 0.6422437357630979 0.5435307517084282 0.06454441913439642 0.07719817767653758
2 0.6548974943052392 0.6814692482915718 0.09997722095671975 0.09238041002277893
0 0.3891457858769932 0.27334851936218685 0.05189066059225515 0.05061503416856494
0 0.3891457858769932 0.3562414578587699 0.05441913439635533 0.034168564920273335
0 0.4062300683371299 0.3847152619589977 0.05315489749430515 0.032904328018223204
0 0.39989749430523924 0.4916514806378133 0.055683371298405504 0.04935079726651477
0 0.35307517084282464 0.6194646924829158 0.0835193621867882 0.054419134396355415
0 0.34611617312072895 0.7839749430523919 0.0822551252847381 0.05189066059225507
3 0.23791571753986332 0.29169703872437364 0.05315489749430524 0.05441913439635533
3 0.2334851936218679 0.3492824601366743 0.06960136674259684 0.05061503416856485
3 0.22588838268792713 0.4214123006833713 0.05189066059225515 0.05061503416856503
3 0.2119703872437358 0.47266514806378135 0.05189066059225515 0.059476082004555765
3 0.18096810933940774 0.539738041002278 0.05568337129840546 0.06960136674259676
3 0.15123006833712985 0.6093394077448748 0.06454441913439637 0.06454441913439642
3 0.12275626423690207 0.6764123006833713 0.0759339407744875 0.054419134396355415
3 0.1170615034168565 0.7574031890660593 0.09490888382687927 0.05694760820045559