2 0.5018995305408759 0.5122819314641744 0.10775518704605215 0.028037383177570162
2 0.6621022396931594 0.5044080996884734 0.08592230061003647 0.03148753894080993
0 0.4625239719192287 0.6934073208722742 0.06322165239198531 0.03426401869158866
0 0.5909249472834718 0.6915070093457943 0.03068405661277868 0.039186137071651216
0 0.6172910212688413 0.6795327102803739 0.03052438844488412 0.030950155763239805
0 0.7432830899261536 0.6739524922118381 0.027379619746787216 0.03026090342679133
1 0.5106673955865636 0.6648753894080996 0.15950849972665507 0.03129672897196265
1 0.6733692586711096 0.631553738317757 0.13023368824790216 0.032718068535825574
3 0.4832183548972136 0.8397702492211838 0.06727583543765575 0.039026479750778977
3 0.5736113642082975 0.824828660436137 0.07382917241558846 0.04230140186915889
3 0.6341880786886384 0.8187928348909657 0.07054556183236571 0.04070093457943935
3 0.7163755325887938 0.8066160436137071 0.08867831202978158 0.04602024922118382