3 0.17708333333333334 0.8990859375 0.09028125000000002 0.06640625
3 0.27257291666666666 0.8984375 0.07291666666666667 0.057289062499999946
3 0.3880208333333333 0.8860703125 0.046875 0.05078125
3 0.515625 0.8841171875 0.06596874999999992 0.06510156249999995
3 0.6024270833333334 0.8828125 0.0625 0.057289062499999946
3 0.7005208333333334 0.9016953125 0.08159374999999992 0.06380468750000005
0 0.15017708333333332 0.6959609375 0.06423958333333335 0.048179687500000054
0 0.33246875000000004 0.6888046875 0.022572916666666623 0.046875
0 0.35763541666666665 0.69140625 0.03471875000000004 0.036460937500000054
0 0.53125 0.6875 0.04861458333333341 0.044273437500000054
0 0.5685729166666668 0.7096328125 0.05382291666666674 0.046875
0 0.73784375 0.7181015625 0.06944791666666675 0.045570312499999946
2 0.24913541666666666 0.443359375 0.13715625 0.08203125
2 0.4557291666666667 0.42903906249999996 0.13715624999999995 0.05078125
2 0.65190625 0.46353906250000004 0.13367708333333325 0.07552343750000005
1 0.25434375 0.6458359375 0.17534375 0.0546875
1 0.4618020833333333 0.634765625 0.17708333333333334 0.048179687500000054
1 0.65625 0.6477890625 0.15971874999999994 0.06380468750000005