2 0.2856484375 0.5078125 0.0771484375 0.08333333333333333
2 0.4130859375 0.5013020833333334 0.048828125 0.07291666666666667
2 0.548828125 0.4973958333333333 0.076171875 0.06770833333333333
2 0.6767578125 0.5332083333333333 0.0703125 0.06380208333333333
1 0.2685546875 0.7519583333333333 0.10546875 0.048177083333333336
1 0.4008828125 0.74284375 0.0966796875 0.07161458333333333
1 0.5395546875 0.74284375 0.1298828125 0.055989583333333336
1 0.68359375 0.7669270833333334 0.115234375 0.078125
0 0.253421875 0.8118541666666667 0.0400390625 0.05859375
0 0.2783203125 0.7981770833333334 0.05078125 0.06510416666666667
0 0.3383828125 0.8079479166666667 0.0400390625 0.05078125
0 0.452640625 0.80534375 0.0341796875 0.048177083333333336
0 0.4775390625 0.8014375 0.0390625 0.05078125
0 0.5942421875 0.8111979166666666 0.0419921875 0.0625
0 0.62109375 0.8411458333333334 0.033203125 0.0546875
0 0.729984375 0.8587291666666667 0.0517578125 0.06640625