3 0.23614843749999997 0.875836236933798 0.04900781250000001 0.08869337979094091
3 0.3029140625 0.8520731707317073 0.046164062500000026 0.07285714285714294
3 0.346234375 0.8441637630662021 0.034804687499999966 0.07918118466898963
3 0.37784375 0.837822299651568 0.039773437499999974 0.0475087108013937
3 0.44815625 0.8362369337979094 0.035507812500000034 0.06651567944250862
3 0.49680468749999995 0.8687108013937282 0.05326562500000005 0.0807665505226479
3 0.5426171875 0.86 0.05682031250000001 0.08552264808362355
3 0.602625 0.899581881533101 0.043320312500000034 0.09818815331010436
3 0.623578125 0.8702961672473868 0.039773437500000064 0.08076655052264811
3 0.682171875 0.899581881533101 0.04048437499999995 0.07285714285714275
3 0.70028125 0.959773519163763 0.04829687499999995 0.06334494773519146
0 0.4161953125 0.5955052264808363 0.042617187499999966 0.06651567944250862
0 0.4854375 0.5741289198606272 0.014914062499999936 0.0681010452961673
0 0.5 0.5764982578397213 0.025570312500000015 0.06968641114982578
0 0.5933984375 0.5899651567944251 0.030539062499999936 0.07444250871080142
0 0.6701015625 0.6089721254355401 0.031960937500000064 0.21064459930313584
0 0.7634921875 0.39357142857142857 0.046875 0.1029442508710801
1 0.5472265625 0.48543554006968637 0.09588281250000001 0.08393728222996506
2 0.248578125 0.18214285714285716 0.07670312499999996 0.10452961672473868
2 0.3480078125 0.18451219512195122 0.06534374999999999 0.12195121951219512
2 0.432171875 0.2272648083623693 0.07173437499999995 0.11878048780487806
2 0.53621875 0.20430313588850174 0.07244531250000001 0.1203658536585366
2 0.622515625 0.19242160278745646 0.07315625000000008 0.10928571428571426
2 0.7020625 0.23123693379790938 0.07883593750000006 0.09818815331010455