0 0.28778867102396516 0.64928125 0.05976034858387801 0.04285937499999992
0 0.35541394335511983 0.6406328125 0.01677559912854028 0.039101562499999964
0 0.3690522875816994 0.635 0.0356427015250545 0.03534375000000001
0 0.4613071895424837 0.636125 0.048224400871459676 0.031578125000000054
3 0.3045642701525054 0.7616953125 0.032505446623093716 0.02857031249999995
3 0.33339869281045753 0.7568046875000001 0.03774509803921566 0.03534375000000001
3 0.3879193899782135 0.751171875 0.027254901960784294 0.027070312500000072
3 0.5535729847494554 0.7443984375 0.0314488017429194 0.024062499999999966
3 0.5803050108932463 0.741015625 0.028311546840958615 0.033835937499999955
3 0.6259150326797386 0.74778125 0.05241830065359465 0.029328124999999972
3 0.7553921568627452 0.776359375 0.0387908496732025 0.027820312499999923
3 0.7910348583877995 0.782 0.047178649237472704 0.033085937499999926
2 0.7800326797385622 0.5270937499999999 0.07338779956427029 0.042109375000000074
2 0.607037037037037 0.4925078125 0.06290849673202614 0.036093750000000036
2 0.5215904139433551 0.495140625 0.07023965141612203 0.03082812500000003
2 0.4094117647058823 0.4808515625 0.05137254901960781 0.044367187499999974
2 0.31138344226579523 0.4928828125 0.07549019607843133 0.03082812500000003