3 0.06684375000000001 0.6282578125 0.08507291666666665 0.05078125
3 0.19270833333333334 0.6243515625 0.04861458333333335 0.048179687500000054
3 0.23784375000000002 0.6184921875 0.08680208333333332 0.059898437500000054
3 0.31423958333333335 0.6276015625 0.09375 0.049476562499999946
3 0.3489583333333333 0.6022109375 0.0625 0.03515625
3 0.4114583333333333 0.625 0.08333333333333333 0.046875
3 0.55815625 0.6432265625 0.13020833333333334 0.0390625
3 0.6466979166666668 0.6549453125 0.08507291666666675 0.059898437500000054
3 0.7213541666666666 0.6809921875 0.0920104166666666 0.052085937500000054
3 0.8263854166666668 0.6966171875 0.1111145833333334 0.0703125
0 0.19184374999999998 0.49478906250000004 0.07117708333333332 0.041664062499999946
0 0.3307291666666667 0.49609375 0.057291666666666664 0.052085937500000054
0 0.5477395833333334 0.509765625 0.06770833333333333 0.04296875
0 0.671875 0.5149765625 0.06596874999999992 0.040367187500000054
2 0.10242708333333334 0.2962265625 0.11805208333333335 0.05599218749999997
2 0.24305208333333336 0.296875 0.09375 0.05728906250000003
2 0.38455208333333335 0.3098984375 0.07465624999999995 0.06510156250000003
2 0.6501770833333332 0.294921875 0.08507291666666675 0.04817968749999997
2 0.8350729166666666 0.2884140625 0.12153125000000008 0.07161718749999997
0 0.5329895833333333 0.419921875 0.05903124999999996 0.032554687500000054