2 0.16993055555555556 0.4921953125 0.08960069444444446 0.03892968749999994
2 0.3128298611111111 0.4765546875 0.09732638888888889 0.03267187499999995
2 0.4719618055555556 0.4876796875 0.0973263888888888 0.034062499999999926
2 0.5978645833333334 0.470296875 0.08032986111111108 0.029890624999999994
2 0.7175868055555555 0.470296875 0.10041666666666672 0.025718750000000058
2 0.8604861111111111 0.4668203125 0.10196180555555559 0.027109375000000036
3 0.11586805555555554 0.7097890625 0.08651041666666669 0.020859375000000034
3 0.20083333333333334 0.7108359375 0.06796874999999997 0.027109375000000036
3 0.2857986111111111 0.707703125 0.07414930555555552 0.027804687499999935
3 0.35609375000000004 0.6997109375 0.07260416666666665 0.029890624999999994
3 0.4395138888888889 0.696234375 0.0664236111111111 0.03267187499999995
3 0.5082638888888888 0.693453125 0.08032986111111108 0.02432812500000008
3 0.5661979166666666 0.68928125 0.057152777777777705 0.025718750000000058
3 0.6334027777777778 0.685109375 0.07414930555555561 0.021554687499999937
3 0.6874652777777778 0.6819843750000001 0.05251736111111111 0.026414062499999957
3 0.76625 0.687546875 0.04944444444444448 0.025023437499999978
3 0.8234201388888889 0.6871953125 0.04326388888888882 0.02432812500000008
3 0.891388888888889 0.685109375 0.08032986111111108 0.027109375000000036