3 0.37804249390456285 0.5355546725143616 0.07707419017763849 0.04755863638816529
3 0.5597213514454894 0.5164338871963933 0.051382793451758994 0.05479564955038478
3 0.6202856147683733 0.5422814840978998 0.0587251828631139 0.04652253472068912
3 0.7707697666318356 0.5464180415127476 0.0587251828631139 0.05686785288533714
3 0.8634482758620688 0.5391810283505281 0.0715708812260535 0.052731295470489305
0 0.906569139672588 0.4668030474732757 0.06973180076628359 0.05479564955038478
0 0.9805555555555555 0.5359937402190923 0.03888888888888889 0.054773082942097026
0 0.5661442006269592 0.48541363121256265 0.04954371299198878 0.03204850839624996
0 0.4505329153605015 0.5102251264465931 0.04954371299198878 0.05065909213553695
0 0.3468477882270985 0.482313175465191 0.0697318007662835 0.05065909213553695
0 0.27711598746081506 0.5143616838614409 0.095423197492163 0.04652253472068912
2 0.29546499477533955 0.32154473339514617 0.1504841518634622 0.07237013162219577
2 0.5872518286311389 0.33136415147099946 0.13947753396029267 0.09201681702895885
2 0.8496830372692442 0.3292997973911038 0.15414838035527698 0.10442648927350234