2 0.3841145833333333 0.28385546875 0.0859375 0.05989453124999997
2 0.5744375 0.26237109375 0.1045989583333333 0.05598828124999997
0 0.302515625 0.53548046875 0.0477447916666667 0.04362109375000003
0 0.482421875 0.5304375 0.045572916666666664 0.04329296874999997
0 0.4639739583333334 0.52783203125 0.0477447916666667 0.0380859375
0 0.6566822916666666 0.53157421875 0.058161458333333374 0.04362109375000003
1 0.3912760416666667 0.485515625 0.16536458333333334 0.06282421874999997
1 0.57790625 0.48469921875 0.17404687500000005 0.06705859375000003
3 0.347875 0.72965625 0.07855729166666663 0.05110546874999997
3 0.4188385416666666 0.72037890625 0.07204687499999997 0.05403515624999997
3 0.5360260416666667 0.716796875 0.06683854166666663 0.05078125
3 0.599828125 0.71614453125 0.07465104166666663 0.05729296875000003