2 0.22221875000000005 0.0559921875 0.17708333333333334 0.11197656250000002
2 0.34201041666666665 0.12044531249999998 0.1423645833333333 0.11328125
2 0.5069479166666667 0.125 0.1111145833333333 0.08072656249999999
2 0.77690625 0.15103906250000002 0.14757291666666675 0.07291406249999999
1 0.18315625000000005 0.3587265625 0.18229166666666666 0.06900781250000003
1 0.3072916666666667 0.3795546875 0.1423645833333333 0.06900781250000003
1 0.4765625 0.3287734375 0.17534374999999994 0.07421875
1 0.72309375 0.3815078125 0.203125 0.06510156250000003
0 0.14148958333333334 0.439453125 0.10590625000000002 0.07942968750000005
0 0.5616354166666666 0.40234375 0.04340625000000008 0.049476562499999946
3 0.12934375 0.7044296875 0.14757291666666666 0.08072656249999995
3 0.21180208333333334 0.65234375 0.09375 0.052085937500000054
3 0.24913541666666664 0.62109375 0.06770833333333333 0.059898437500000054
3 0.3098958333333333 0.5970078125 0.10590624999999995 0.055992187500000054
3 0.39409374999999996 0.5846328125 0.0798645833333333 0.059898437500000054
3 0.49653125000000004 0.5904921875 0.0798645833333333 0.061195312499999946
3 0.6319479166666666 0.6171875 0.09028125000000008 0.044273437500000054
3 0.7091979166666668 0.6458359375 0.078125 0.057289062499999946