0 0.2797109375 0.617328125 0.03458593749999998 0.04360937499999995
0 0.37032031249999997 0.6154453125 0.02030468750000001 0.036843750000000064
0 0.3887421875 0.6019140625 0.024062499999999966 0.041359375000000045
0 0.4658125 0.60003125 0.036843750000000064 0.04661718750000006
0 0.5665703125 0.5958984375 0.05489062499999999 0.04736718750000009
0 0.6365000000000001 0.58575 0.044367187499999974 0.05414062499999996
0 0.7417734375 0.588 0.03082812500000003 0.04661718750000006
2 0.325203125 0.44025 0.05939843749999998 0.05188281250000006
2 0.4248359375 0.44363281250000003 0.05864843749999995 0.04812499999999993
2 0.5628124999999999 0.44927343750000004 0.05489062499999999 0.041359375000000045
2 0.6876328125 0.41769531249999997 0.06842187499999994 0.05037500000000002
3 0.2710703125 0.781625 0.05037500000000002 0.05489062500000017
3 0.33874218749999996 0.763953125 0.05489062499999999 0.05864843749999995
3 0.396265625 0.73275 0.036093750000000036 0.041359375000000045
3 0.45716406249999997 0.7319921875000001 0.039101562499999964 0.04586718750000003
3 0.5214531250000001 0.7376328125 0.029328124999999972 0.04812499999999993
3 0.604546875 0.7425234374999999 0.04661718750000006 0.041359375000000045
3 0.64928125 0.7376328125 0.038351562499999936 0.04360937499999995
3 0.7083125 0.728234375 0.04812499999999993 0.05489062499999999