2 0.3043205944798302 0.47200781249999996 0.09907643312101916 0.06900781249999995
2 0.47328025477707003 0.46353906250000004 0.12208067940552017 0.0703125
2 0.6493312101910828 0.46810156249999996 0.12738853503184713 0.06380468750000005
2 0.8359872611464968 0.458984375 0.1185456475583865 0.05859375
1 0.29370488322717625 0.6686171875 0.19816348195329084 0.08203125
1 0.4821337579617835 0.6419296875 0.13977707006369422 0.057289062499999946
1 0.6502123142250531 0.6399765625 0.1326963906581741 0.05078125
1 0.8333333333333334 0.6595078125 0.18400212314225045 0.03515625
0 0.7776008492569002 0.70703125 0.0725371549893842 0.044273437500000054
0 0.9262208067940552 0.6979140625 0.07608280254777078 0.041664062499999946
3 0.25477707006369427 0.8828125 0.08492569002123142 0.059898437500000054
3 0.37420382165605093 0.8684921875 0.07961783439490445 0.052085937500000054
3 0.4520488322717622 0.8600234375 0.05130573248407648 0.061195312499999946
3 0.5431740976645435 0.8600234375 0.060159235668789765 0.04296875
3 0.6024416135881104 0.8639296875 0.05485138004246292 0.05078125
3 0.7121337579617835 0.87890625 0.0866985138004247 0.041664062499999946
3 0.832452229299363 0.8782578125 0.09023354564755838 0.048179687500000054
3 0.9377176220806794 0.8990859375 0.07784501061571117 0.06380468750000005