1 0.3591633597883597 0.5512847222222222 0.17379629629629628 0.05428819444444457
1 0.48041666666666666 0.4869370039682539 0.03710978835978824 0.02645585317460313
1 0.5555555555555555 0.4378869047619047 0.10141203703703709 0.04739831349206351
0 0.419239417989418 0.6448412698412698 0.07128306878306875 0.05456349206349209
0 0.4782109788359788 0.536954365079365 0.050337301587301535 0.05869791666666675
0 0.525241402116402 0.4873511904761904 0.04739748677248675 0.04546875000000004
2 0.37441137566137567 0.266202876984127 0.1491765873015873 0.08432539682539683
2 0.4510218253968254 0.2697867063492063 0.0753240740740741 0.06834325396825394
2 0.5384689153439154 0.281359126984127 0.08267195767195765 0.06503472222222229
3 0.4262202380952381 0.8630952380952379 0.16019841269841267 0.07440476190476204
3 0.4196064814814815 0.7862103174603174 0.07642526455026454 0.04960317460317461
3 0.4655357142857142 0.6774975198412698 0.1109656084656084 0.04877728174603178
3 0.4941931216931217 0.6504910714285714 0.06246362433862428 0.04106150793650798
3 0.5232208994708994 0.6229340277777777 0.06319775132275135 0.0388566468253968
3 0.5662103174603175 0.593859126984127 0.0654034391534393 0.0418874007936509