0 0.2811640625 0.5393472222222222 0.052953124999999976 0.0990694444444445
0 0.393578125 0.5333333333333333 0.035070312500000075 0.08888888888888889
0 0.42065625000000006 0.5233055555555555 0.018406249999999957 0.08179166666666665
0 0.5131953125 0.5214444444444445 0.03889062499999998 0.07068055555555554
0 0.548265625 0.546138888888889 0.02985937500000002 0.08302777777777774
0 0.6423593750000001 0.5509305555555556 0.03055468749999992 0.08333333333333333
1 0.34565624999999994 0.46898611111111116 0.126734375 0.07684722222222228
1 0.46762499999999996 0.4609583333333333 0.1133671875000001 0.09043055555555557
1 0.5881953125 0.4632777777777778 0.11805468749999992 0.07098611111111112
3 0.30485937500000004 0.8770000000000001 0.05971875000000004 0.08549999999999992
3 0.37603906249999997 0.8547777777777779 0.06041406250000003 0.0632777777777777
3 0.43671875 0.8324027777777778 0.0515625 0.046291666666666564
3 0.4953984375 0.8305555555555556 0.048093749999999956 0.05740277777777768
3 0.5677109375 0.8225277777777779 0.047914062499999945 0.07098611111111097
3 0.6192734375 0.8282361111111112 0.04896093750000006 0.06944444444444445
2 0.3381953125 0.15370833333333336 0.07221875000000004 0.07777777777777778
2 0.4694453125 0.1381111111111111 0.07221875000000004 0.09661111111111112
2 0.5999140625 0.14737499999999998 0.07378125000000005 0.10772222222222222