3 0.5661145833333333 0.6609140625000001 0.04193749999999999 0.016085937499999935
3 0.5975625 0.649796875 0.04265625000000005 0.016632812499999972
3 0.4780208333333333 0.720109375 0.052302083333333374 0.01626562499999995
3 0.5161041666666667 0.709984375 0.024343750000000004 0.022054687500000014
3 0.42945833333333333 0.7352890624999999 0.04337499999999998 0.020609375000000086
3 0.6491354166666666 0.47790625000000003 0.030125000000000075 0.022054687500000014
1 0.48392708333333334 0.5934062499999999 0.03663541666666662 0.02530468750000008
2 0.44705208333333335 0.569546875 0.04674999999999999 0.033984375
2 0.4740520833333333 0.5466796875 0.04867708333333335 0.026210937499999965
2 0.5200833333333333 0.5483984375000001 0.02795833333333325 0.02421875
2 0.5802083333333333 0.5542734375 0.025302083333333295 0.019703125000000023
2 0.6453958333333334 0.3571640625 0.041447916666666626 0.02350000000000003