3 0.21882812499999998 0.8229765625000001 0.12504464285714287 0.08182031250000002
3 0.374453125 0.8186953125 0.09650111607142861 0.06755078125000011
3 0.45328124999999997 0.79966796875 0.07203683035714281 0.059937499999999845
3 0.5708537946428571 0.797765625 0.0869866071428572 0.05423046874999997
3 0.685703125 0.8139375 0.08562500000000003 0.06374609374999984
3 0.8331696428571428 0.83819921875 0.10058035714285703 0.07040624999999992
0 0.19096540178571428 0.61128515625 0.0801897321428571 0.07325781249999999
0 0.4131863839285714 0.6155703124999999 0.06795758928571427 0.060890625000000045
0 0.6157031249999999 0.5979687499999999 0.038058035714285614 0.05423046874999997
0 0.6639564732142856 0.60843359375 0.06931919642857132 0.05042578125000006
0 0.8916183035714286 0.6222265625000001 0.054369419642857054 0.06659765624999991
1 0.2996986607142857 0.57275390625 0.205234375 0.04566796874999994
1 0.5273604910714286 0.5323203125 0.20115513392857132 0.05993750000000002
1 0.7808426339285715 0.5413593750000001 0.24329241071428573 0.08182031250000002
2 0.3017354910714286 0.33014453125 0.16310267857142854 0.09894921874999998
2 0.5355133928571428 0.30398046875 0.1277622767857143 0.07706640624999998
2 0.8059877232142857 0.28590234375 0.15222656249999997 0.08277343750000003