3 0.26195344291833045 0.7011784140969163 0.09026179769275992 0.09727973568281936
3 0.3881904732819765 0.6721145374449339 0.07397827132593772 0.05751101321585903
3 0.4682643782591102 0.6774669603524229 0.09568556791546746 0.0810682819383258
3 0.5514044236098917 0.7124889867841411 0.06243443605463469 0.07220264317180618
3 0.6056909886317654 0.7716850220264317 0.05701066583192715 0.06394273127753296
3 0.6918849586574947 0.7923348017621146 0.07465013475442614 0.08872246696035235
3 0.8120019239725453 0.8584140969162997 0.11944510188656204 0.11808370044052871
3 0.9540727902946274 0.91875 0.09185441941074524 0.134375
0 0.2531337084570809 0.4279845814977974 0.056326586704738967 0.09789647577092513
2 0.3627329571916109 0.06669603524229076 0.09230181937562519 0.07647577092511013
2 0.5347788576794753 0.06179515418502203 0.10654532405958202 0.08872246696035242
2 0.6917139388756977 0.14317180616740088 0.13742661037265522 0.09727973568281936
2 0.9436741767764298 0.11640625 0.11265164644714037 0.1265625