2 0.40253125 0.1977734375 0.13839583333333336 0.06482031249999998
2 0.7112395833333333 0.18435156249999998 0.12040624999999991 0.0692265625
0 0.3245416666666667 0.5071718749999999 0.0831145833333333 0.05861718749999998
0 0.5201875 0.49507031250000005 0.05772916666666674 0.060460937500000075
1 0.4274895833333333 0.447046875 0.19179166666666667 0.05555468749999992
1 0.7045625 0.44829687500000004 0.21467708333333324 0.06585937499999997
0 0.6018854166666666 0.4995 0.10307291666666671 0.0667031249999999
0 0.8155416666666666 0.49214062500000005 0.09984374999999991 0.08063281250000003
3 0.379625 0.69903125 0.09606250000000002 0.06733593750000004
3 0.51028125 0.7004374999999999 0.0656979166666666 0.05972656250000004
3 0.64828125 0.7135859375 0.0847604166666668 0.06518750000000004
3 0.7348020833333333 0.7173437500000001 0.10154166666666668 0.08051562499999995