2 0.27808276672542603 0.12591874422899355 0.16092671871065223 0.1146445060018467
2 0.6251859313355158 0.08314866112650048 0.14904054394359115 0.12673130193905818
0 0.13841685553596914 0.5442659279778395 0.07343910014270125 0.07548476454293632
0 0.40630571644422053 0.5444506001846723 0.08352556031226392 0.06793167128347175
0 0.47135062536724587 0.5343490304709142 0.0831360698396709 0.08201292705447827
0 0.7671887853605306 0.5468328716528162 0.08770250986317453 0.08060018467220686
1 0.2921312851506757 0.44810710987996316 0.2887736086628054 0.07574330563250235
1 0.6233056325023084 0.4495752539242844 0.28728280030219083 0.06812557710064623
3 0.18502140518761018 0.83668513388735 0.185854108956602 0.06671283471837483
3 0.37510618651892896 0.84331486611265 0.13239989926970538 0.08526315789473671
3 0.5544195416771595 0.8527239150507849 0.1725442793586839 0.06978762696214211
3 0.730361789641568 0.8688273314866114 0.1368320322336943 0.08351800554016613