2 0.27430208333333334 0.36458593750000007 0.1875 0.078125
2 0.48003124999999996 0.3606796875 0.1579895833333333 0.07552343749999997
2 0.6258645833333334 0.40169531249999996 0.140625 0.055992187500000054
0 0.15017708333333332 0.7076796875 0.08854166666666667 0.08203125
0 0.36371875000000004 0.6666640625 0.026041666666666668 0.0625
0 0.38888541666666665 0.666015625 0.041666666666666664 0.07421875
0 0.5216979166666667 0.63671875 0.05034375000000004 0.0703125
0 0.5755208333333334 0.662109375 0.057291666666666664 0.06640625
0 0.7048645833333332 0.6477890625 0.052083333333333336 0.06380468750000005
1 0.26909374999999996 0.6236953125 0.22569791666666664 0.059898437500000054
1 0.46007291666666666 0.58984375 0.1736145833333333 0.041664062499999946
1 0.6336770833333334 0.5859375 0.17708333333333334 0.046875
3 0.22482291666666668 0.9654921875 0.10242708333333332 0.06900781249999995
3 0.3125 0.9309921875 0.10069791666666662 0.06771093750000005
3 0.41059375000000004 0.8893203125 0.09895833333333333 0.07552343750000005
3 0.5008645833333333 0.8431015625 0.1232604166666667 0.053382812499999946
3 0.5833333333333334 0.8248671875 0.0763854166666666 0.07682031249999995
3 0.6701354166666668 0.810546875 0.10069791666666675 0.055992187500000054