1 0.35720833333333335 0.5719375 0.1466979166666667 0.054039062500000054
1 0.50434375 0.589515625 0.14409375000000005 0.057945312500000054
1 0.6595104166666667 0.58903125 0.16015625 0.035484375000000054
0 0.4164479166666667 0.628578125 0.03862500000000004 0.042320312500000054
0 0.44878124999999996 0.625328125 0.04340624999999996 0.035804687499999946
0 0.56640625 0.6274453125 0.044270833333333336 0.0263671875
0 0.602 0.632 0.05294791666666659 0.043296875000000054
0 0.72721875 0.6333046875 0.03515625 0.0380859375
2 0.33897916666666666 0.430828125 0.08940625000000005 0.031578125000000054
2 0.49174999999999996 0.42935937500000004 0.12413541666666662 0.057945312500000054
2 0.65971875 0.44596093750000004 0.0798645833333334 0.055992187500000054
3 0.31944791666666666 0.7747421875 0.08680208333333338 0.041664062499999946
3 0.39128124999999997 0.7740859375 0.05078125 0.040367187500000054
3 0.45486458333333335 0.7786484375 0.06596875000000005 0.041664062499999946
3 0.5655416666666666 0.7779921875 0.05294791666666659 0.048179687500000054
3 0.61784375 0.773765625 0.06640625 0.051429687499999946
3 0.7168020833333333 0.7874375 0.06640625 0.055335937499999946