2 0.20398958333333334 0.48746875 0.11632291666666668 0.058921875000000054
2 0.3645833333333333 0.5188828125 0.10416666666666667 0.06900781249999995
2 0.47612499999999996 0.48665624999999996 0.09288541666666662 0.055335937499999946
2 0.6349791666666668 0.49837499999999996 0.07726041666666675 0.07096093749999995
2 0.7905833333333334 0.4685859375 0.1618958333333334 0.08365624999999995
1 0.17057291666666666 0.688640625 0.2109375 0.06282812500000005
1 0.34353125 0.69840625 0.15320833333333336 0.051109375000000054
1 0.472875 0.6678046875 0.1306458333333333 0.060218749999999946
0 0.45746875000000004 0.6782265625 0.06076041666666671 0.0498046875
0 0.5030416666666667 0.6736640625 0.06336458333333338 0.048499999999999946
0 0.28298958333333335 0.7369765625 0.05555208333333338 0.044273437500000054
3 0.12391666666666666 0.982421875 0.06814583333333332 0.03515625
3 0.22439583333333332 0.9322890625 0.11023958333333332 0.044273437500000054
3 0.3192291666666666 0.9321328125000001 0.09418749999999995 0.0498046875
3 0.38888541666666665 0.9091796875 0.09028124999999995 0.048828125
3 0.43555208333333334 0.890625 0.055989583333333336 0.0625
3 0.5293020833333333 0.8891640625000001 0.08723958333333333 0.0498046875