2 0.21215625 0.34049999999999997 0.11181249999999997 0.04558593750000002
2 0.34690624999999997 0.34866406250000004 0.07576041666666669 0.041078125000000035
2 0.4658125 0.367140625 0.0635833333333333 0.023343749999999996
2 0.5997395833333333 0.3688359375 0.08489583333333334 0.04496874999999996
2 0.7474791666666667 0.3505390625 0.08870833333333342 0.055242187500000026
3 0.179 0.7007421875000001 0.045500000000000006 0.03690625000000001
3 0.2812395833333333 0.7006249999999999 0.05901041666666664 0.04447656250000005
3 0.29711458333333335 0.6661171875 0.028260416666666663 0.04057031250000005
3 0.35724999999999996 0.6637578125 0.05477083333333337 0.04625781250000003
3 0.43233333333333335 0.6793515625000001 0.05911458333333333 0.035789062499999955
3 0.5161250000000001 0.67653125 0.06350000000000004 0.04577343749999994
3 0.56625 0.6800390625 0.03875000000000005 0.02935156249999995
3 0.61125 0.694609375 0.055843749999999893 0.04026562499999997
3 0.6452604166666667 0.757625 0.06830208333333326 0.04128906249999993
3 0.7455520833333333 0.78215625 0.07442708333333338 0.03827343750000001