3 0.1988045738045738 0.7389296875 0.04158004158004158 0.024742187500000058
3 0.24103950103950103 0.7350234375 0.029885654885654887 0.032554687500000054
3 0.31444906444906445 0.72884375 0.042442827442827485 0.024085937499999942
3 0.36468814968814967 0.7197265625 0.056309771309771266 0.021484375
3 0.4056237006237006 0.7063828125 0.04721413721413717 0.022132812499999942
3 0.46279625779625777 0.7057265625 0.04721413721413717 0.028648437500000058
3 0.5375051975051975 0.6979140625 0.053711018711018785 0.020835937500000058
3 0.608970893970894 0.6977578125 0.04591476091476099 0.0419921875
3 0.6743762993762994 0.7236328125 0.04677754677754678 0.029296875
3 0.7224532224532224 0.7200546875 0.06496881496881497 0.026039062499999942
0 0.29365904365904366 0.6025390625 0.07016632016632017 0.044921875
0 0.3824532224532225 0.59765625 0.024251559251559293 0.03125
0 0.40324324324324323 0.58903125 0.024251559251559293 0.027671875000000058
0 0.500914760914761 0.5838203125 0.029885654885654887 0.032874999999999946
2 0.2286902286902287 0.4340859375 0.07536382536382537 0.0537109375
2 0.32072765072765075 0.4462890625 0.06453222453222457 0.037109375
2 0.4430873180873181 0.44075781249999996 0.05543659043659048 0.029945312499999942
2 0.5702079002079001 0.41634374999999996 0.06453222453222446 0.047523437499999946
2 0.7103222453222454 0.434734375 0.08229729729729737 0.031578125000000054