2 0.07350694444444444 0.35681250000000003 0.1469965277777778 0.057375000000000044
2 0.33890625 0.3968828125 0.19749999999999998 0.06199999999999992
2 0.6186979166666666 0.387296875 0.19295138888888885 0.06329687499999999
2 0.9059027777777777 0.35971875 0.17496527777777773 0.048531250000000005
3 0.13545138888888889 0.7625859375 0.09684027777777778 0.04949999999999992
3 0.22817708333333334 0.7920078125 0.10821180555555553 0.04896093750000006
3 0.36977430555555557 0.7792578125 0.12467013888888889 0.037351562499999956
3 0.5054340277777778 0.76275 0.10411458333333339 0.06877343749999998
3 0.6461805555555555 0.7718203124999999 0.12159722222222216 0.05407031250000003
3 0.78953125 0.7754140625 0.0966319444444444 0.04735156249999992
3 0.9261458333333334 0.7932968749999999 0.13684027777777766 0.05153125000000003