2 0.4076666666666667 0.46060156250000006 0.11609895833333338 0.054421875000000064
2 0.5668385416666666 0.45377734375 0.18923437499999995 0.10286328124999997
2 0.7630208333333334 0.42252734375 0.1475677083333333 0.07161328124999997
0 0.3567708333333333 0.71223828125 0.10590104166666663 0.05989453124999997
0 0.439234375 0.671875 0.09722395833333337 0.05989453124999997
0 0.7109375 0.69661328125 0.050348958333333374 0.05989453124999997
0 0.8506927083333333 0.73958203125 0.10416666666666667 0.07551953124999997
1 0.5460052083333333 0.73762890625 0.2552083333333333 0.06380078124999997
3 0.4175364583333333 0.86067578125 0.078125 0.06770703124999997
3 0.7847239583333334 0.92838671875 0.12847395833333336 0.0546875
3 0.8402760416666666 0.982421875 0.14583333333333334 0.03515625