3 0.30773828124999997 0.9207552083333332 0.10962109375000004 0.1045260416666667
3 0.40600781250000006 0.9047552083333333 0.10107812500000009 0.09336458333333345
3 0.52134765625 0.8746927083333333 0.08957031250000007 0.09834895833333329
3 0.62295703125 0.8972395833333333 0.07403515625000008 0.08354166666666671
0 0.25575390625 0.6130052083333334 0.05252343750000001 0.1088229166666667
0 0.43931640625 0.5719947916666667 0.04660156250000007 0.08930208333333335
0 0.49720312499999997 0.5918489583333333 0.05690234375000003 0.08474479166666668
0 0.66737890625 0.6144947916666667 0.06131640624999992 0.08576041666666659
1 0.59477734375 0.539359375 0.1602578125000001 0.07090104166666672
1 0.34654687500000003 0.4833645833333333 0.16770703124999997 0.08130729166666674
2 0.34921875 0.057255208333333335 0.17890625 0.11451041666666667
2 0.6016796875 0.13341145833333332 0.10765624999999997 0.12619270833333332