2 0.13932291666666666 0.2993203125 0.1484375 0.1123046875
2 0.40711458333333334 0.29915625 0.14757291666666664 0.08658593750000003
2 0.6423645833333332 0.3701171875 0.06596874999999992 0.087890625
2 0.8368020833333334 0.3645859375 0.1423645833333334 0.06510156250000003
0 0.22982291666666665 0.69059375 0.09244791666666667 0.08235937500000005
0 0.676 0.676109375 0.07856250000000008 0.09830468749999995
0 0.5455729166666666 0.6658515625 0.09635416666666667 0.07974999999999995
3 0.17447916666666666 0.96328125 0.078125 0.0734375
3 0.2517395833333333 0.9056015625 0.11805208333333332 0.06900781249999995
3 0.40190624999999996 0.8930703125000001 0.14757291666666664 0.1044921875
3 0.5564270833333332 0.867515625 0.11284374999999992 0.07486718749999995
3 0.68034375 0.9124375 0.06640625 0.08658593749999995
3 0.7530416666666666 0.921546875 0.06336458333333325 0.08919531250000005
3 0.83225 0.8943671875 0.12022916666666675 0.09928124999999995