2 0.17122354497354494 0.2896279761904762 0.09112433862433858 0.05511408730158722
2 0.4605753968253968 0.30643849206349205 0.09443121693121696 0.05897321428571436
2 0.7851984126984127 0.2987202380952381 0.10655423280423287 0.050153769841269825
3 0.13944113756613757 0.64015625 0.04298941798941799 0.0418874007936509
3 0.22982804232804233 0.613563988095238 0.07385251322751317 0.03995783730158724
3 0.41207341269841263 0.6120486111111111 0.050337301587301535 0.031966765873015925
3 0.5268948412698412 0.6137003968253968 0.0529100529100529 0.03527281746031754
3 0.7352281746031745 0.6382266865079365 0.05952380952380949 0.0413368055555555
3 0.8090839947089947 0.6604117063492063 0.044090608465608486 0.04106150793650798
0 0.10692129629629628 0.46985119047619045 0.07275132275132276 0.078263888888889
0 0.26859126984126985 0.4631001984126984 0.06099206349206353 0.0631051587301588
1 0.19290013227513228 0.4636507936507936 0.14770833333333339 0.03775297619047606
1 0.47012896825396827 0.4471180555555555 0.13117394179894185 0.03775297619047606
0 0.38855820105820105 0.47191964285714283 0.07385251322751323 0.08074404761904752
0 0.5502281746031746 0.4629637896825397 0.03564153439153443 0.08101934523809522
0 0.7168584656084657 0.5209722222222222 0.0756911375661377 0.0730257936507936
0 0.8355390211640211 0.5031969246031747 0.07054563492063484 0.07550595238095248
1 0.7875892857142858 0.46695932539682533 0.13117394179894173 0.04436755952380942