2 0.2894375 0.2811640625 0.08755208333333328 0.056367187499999985
2 0.46779166666666666 0.3040703125 0.07937500000000004 0.04546875000000004
2 0.6242812499999999 0.2974375 0.08529166666666678 0.03853125000000004
0 0.20596874999999998 0.5063359375 0.06031249999999998 0.047195312500000065
0 0.3417604166666666 0.5010625 0.0549166666666667 0.05290625000000002
0 0.3811145833333333 0.5198203125 0.04691666666666663 0.03892968749999994
0 0.5139270833333334 0.5265390625 0.03195833333333328 0.03882812500000003
0 0.5514583333333333 0.52246875 0.04441666666666677 0.039710937499999946
0 0.6552395833333333 0.531390625 0.05328125000000009 0.045812500000000075
3 0.20460416666666664 0.657078125 0.08165624999999999 0.04610156249999999
3 0.31162500000000004 0.6538906250000001 0.06689583333333336 0.04875781250000007
3 0.41080208333333335 0.660578125 0.05570833333333335 0.04407812500000006
3 0.45577083333333335 0.6736484375 0.04329166666666673 0.03770312499999999
3 0.5526979166666667 0.670484375 0.06735416666666676 0.04672656249999996
3 0.6360208333333334 0.680765625 0.06540624999999996 0.04109374999999993