2 0.18588888888888888 0.2794453125 0.22293055555555555 0.08371874999999998
2 0.44637499999999997 0.277921875 0.1586527777777778 0.066796875
2 0.7165416666666666 0.2354921875 0.15094444444444452 0.05805468750000005
0 0.14397222222222222 0.5498515625 0.09173611111111113 0.043593749999999966
0 0.3272361111111111 0.518203125 0.08952777777777783 0.07924218750000005
0 0.54925 0.503546875 0.06330555555555561 0.05373437499999998
0 0.6247222222222223 0.49799218749999996 0.08231944444444442 0.04833593749999991
0 0.8210555555555555 0.49640625 0.08595833333333347 0.05088281249999991
3 0.17098611111111112 0.7261953125 0.12545833333333334 0.06136718749999996
3 0.3186527777777778 0.698171875 0.1264861111111112 0.062406249999999906
3 0.4008611111111111 0.6918124999999999 0.08115277777777771 0.05160156249999996
3 0.5040555555555556 0.6851406250000001 0.1251527777777778 0.055367187499999915
3 0.7345416666666666 0.67959375 0.09223611111111123 0.05759375000000002
3 0.8356111111111111 0.6778046875 0.1218194444444445 0.05592187499999994