2 0.33436458333333335 0.2759765625 0.12289583333333336 0.08633593749999999
2 0.60975 0.277625 0.10283333333333336 0.10212500000000002
1 0.3330416666666667 0.5610937500000001 0.22074999999999995 0.06036718749999999
1 0.5956770833333334 0.559421875 0.1879583333333334 0.06527343749999996
0 0.22058333333333333 0.6175859375 0.05356250000000002 0.05378906249999993
0 0.44328125 0.6112265625 0.06735416666666663 0.06579687500000002
0 0.5027916666666666 0.6059140625 0.07367708333333335 0.06549218749999994
0 0.70821875 0.619421875 0.06940624999999988 0.08013281249999996
3 0.28738541666666667 0.8607734375 0.1129270833333333 0.06595312500000006
3 0.39609375 0.8514296874999999 0.09355208333333327 0.06780468749999997
3 0.55275 0.8524296874999999 0.08983333333333335 0.059546874999999846
3 0.6844166666666667 0.867765625 0.08703124999999995 0.06672656249999989