2 0.2894791666666666 0.37222656249999997 0.1258333333333333 0.06111718750000002
2 0.4977395833333333 0.396859375 0.09647916666666667 0.07040624999999992
2 0.6414375 0.40270312500000005 0.10520833333333333 0.07300781250000003
0 0.1875 0.6608203125000001 0.06968749999999997 0.049484374999999935
0 0.35280208333333335 0.6484765625 0.06105208333333335 0.05932031250000005
0 0.3984375 0.6515625 0.057802083333333344 0.056398437500000044
0 0.5739375 0.65521875 0.05503124999999993 0.06190625000000001
0 0.7100833333333333 0.6721328125 0.0801666666666667 0.06665624999999994
3 0.18369791666666666 0.8824296875 0.11027083333333335 0.04631250000000016
3 0.30082291666666666 0.853578125 0.07417708333333337 0.053828125000000074
3 0.4268854166666667 0.8481171875 0.08429166666666663 0.05709374999999994
3 0.5228125 0.8453671875 0.08332291666666668 0.05300781249999993
3 0.5896979166666667 0.82384375 0.11687500000000005 0.04540624999999991
3 0.6961562499999999 0.8613125 0.05565625000000007 0.060789062499999956