2 0.3508950962781697 0.49707943925233644 0.1271097458325741 0.049672897196261626
2 0.6597488697402789 0.4882904984423676 0.1567108357413723 0.062223520249221134
0 0.2389399422070653 0.729084890965732 0.05895920651862649 0.03767912772585671
0 0.4467376495804372 0.7240070093457944 0.052933468704171274 0.03656152647975066
0 0.5391577504143562 0.7212500000000001 0.06322859448624155 0.05665498442367589
0 0.7849217712753496 0.7111098130841123 0.0606391933286474 0.04541277258566971
0 0.6673712892336796 0.6901440809968847 0.22298006751186664 0.045661993769470575
0 0.35086732790114455 0.6899727414330218 0.2505887763691112 0.04230529595015575
3 0.306972465918656 0.9117133956386294 0.1144473659091106 0.06701323987538962
3 0.42480063173057725 0.9154633956386291 0.1137878669547636 0.06698987538940812
3 0.5821987348033217 0.9006814641744547 0.09828617048047962 0.05700155763239891
3 0.7286977498936992 0.8995560747663551 0.11736998759100653 0.059267912772585515