3 0.24695833333333334 0.6845703125 0.09288541666666668 0.068359375
3 0.3426666666666666 0.6673203125 0.08897916666666662 0.053382812499999946
3 0.44575000000000004 0.62028125 0.06336458333333338 0.051109375000000054
3 0.5329895833333333 0.6274453125 0.08680208333333338 0.0498046875
3 0.65603125 0.65153125 0.0802916666666666 0.035484375000000054
3 0.6768645833333333 0.687171875 0.09070833333333325 0.057945312500000054
0 0.19184374999999998 0.49674218750000004 0.11284374999999998 0.055992187500000054
0 0.38107291666666665 0.49674218750000004 0.05382291666666662 0.048179687500000054
0 0.4231770833333333 0.47786718749999996 0.049479166666666664 0.049476562499999946
0 0.55815625 0.4765625 0.05382291666666674 0.0625
0 0.6232604166666668 0.4724921875 0.03819791666666674 0.06803124999999995
0 0.7452291666666666 0.5102578125 0.07898958333333325 0.0576171875
2 0.27321875 0.2350234375 0.10633333333333338 0.07942968749999997
2 0.50846875 0.25228125 0.09765625 0.06314843750000003
2 0.7306875 0.218421875 0.1150208333333334 0.08919531249999997