3 0.23936458333333333 0.6560859375 0.05946354166666665 0.03678515625000003
3 0.33984375 0.66178515625 0.049479166666666664 0.03841015624999997
3 0.3823802083333333 0.67317578125 0.030380208333333294 0.026042968750000027
3 0.4398854166666667 0.685546875 0.054255208333333374 0.03515625
3 0.497828125 0.70621875 0.0321197916666667 0.027667968749999973
3 0.5577239583333333 0.712890625 0.09982812500000003 0.03515625
3 0.6898854166666666 0.73486328125 0.054255208333333374 0.0380859375
3 0.6360677083333334 0.72395703125 0.0438385416666667 0.04166796875000003
2 0.21657812499999998 0.35709765625 0.09461979166666665 0.04622265624999997
2 0.3346354166666667 0.39811328125 0.0703125 0.05012890624999997
2 0.5234375 0.38606640625 0.078125 0.04557421875000003
2 0.4305572916666666 0.38151171875 0.07985937499999997 0.05208203124999997
2 0.6846770833333333 0.39501953125 0.0750885416666667 0.0537109375