2 0.3317032392894461 0.4391501219087426 0.11265761058864507 0.06362606148910178
2 0.5585649599442702 0.42981735764640083 0.11267154301637056 0.04222899220470845
2 0.8760710553814002 0.44232907020668066 0.10957854406130264 0.04812378275224316
1 0.30329501915708806 0.5942514018278952 0.1795611285266457 0.04305316398565541
1 0.5437826541274817 0.6048949916846954 0.165586903517938 0.050666941390593655
1 0.8646882619296412 0.6026108584632139 0.200835945663532 0.042001363808066
3 0.24118425635667012 0.7820212812927723 0.05533960292580989 0.035855397098719086
3 0.3660466736328805 0.7931593742181405 0.0988366422849182 0.02122438567314719
3 0.4994496691048415 0.80041993514553 0.08176941832114247 0.04532159869702358
3 0.5753814002089864 0.8008359456635318 0.07836990595611282 0.043414229718260755
3 0.8069104841518634 0.795419959674452 0.0707349355625218 0.039418958894432525
3 0.90924416579589 0.8074057721459372 0.08129571577847419 0.04015678886975627