2 0.30851562499999996 0.1266724738675958 0.06526562499999997 0.08348432055749126
2 0.4054375 0.09491289198606272 0.07845312500000005 0.1266724738675958
2 0.4959296875 0.14445993031358886 0.056312499999999946 0.08855400696864113
2 0.573890625 0.13411149825783972 0.061851562500000054 0.10054006968641116
2 0.6638984375 0.14989547038327528 0.06803124999999995 0.0950871080139373
3 0.253578125 0.8607317073170732 0.05403906249999997 0.08167247386759581
3 0.335453125 0.867822299651568 0.0400390625 0.06750871080139373
3 0.3678359375 0.8598257839721255 0.03646093749999997 0.08637630662020913
3 0.41732031249999996 0.8525783972125436 0.041664062499999946 0.07186411149825785
3 0.451984375 0.84095818815331 0.038734374999999946 0.09219512195121944
3 0.5012187499999999 0.8433101045296167 0.04443750000000009 0.09038327526132403
3 0.54134375 0.8355052264808362 0.035804687499999946 0.07695121951219505
3 0.587890625 0.8347909407665506 0.03515625 0.08419860627177707
3 0.62890625 0.8476655052264809 0.04296875 0.09909407665505225
3 0.6877421874999999 0.8634668989547039 0.04639062500000009 0.09364111498257839