2 0.19928819444444446 0.378578125 0.14250000000000002 0.05794531249999997
2 0.3993055555555556 0.3756484375 0.13020833333333334 0.04817968749999997
2 0.6003993055555555 0.3916015625 0.13310763888888882 0.037109375
2 0.7646180555555556 0.373375 0.14032986111111118 0.04752343750000003
0 0.06800347222222222 0.566734375 0.07522569444444444 0.051429687499999946
0 0.2821180555555556 0.5668984375 0.052083333333333336 0.0380859375
0 0.32625 0.5559921875 0.062204861111111086 0.057289062499999946
0 0.48250000000000004 0.587078125 0.04484375000000007 0.055015625000000054
0 0.6897395833333334 0.5843125 0.06437500000000007 0.047523437499999946
0 0.8575694444444444 0.597984375 0.10489583333333326 0.059242187499999946
3 0.14322916666666666 0.7037734375 0.08680555555555555 0.040367187500000054
3 0.2170138888888889 0.7096328125 0.11284722222222222 0.044273437500000054
3 0.3399826388888889 0.711265625 0.0983854166666667 0.035804687499999946
3 0.4166666666666667 0.719890625 0.0954861111111111 0.047203125000000054
3 0.5345833333333334 0.730796875 0.11428819444444452 0.035804687499999946
3 0.6517708333333334 0.734703125 0.08824652777777785 0.035804687499999946
3 0.7269965277777778 0.7467421875 0.1345486111111111 0.048179687500000054
3 0.859375 0.7630234375 0.0954861111111111 0.049476562499999946