2 0.21658333333333332 0.390625 0.08419791666666665 0.046875
2 0.32117708333333334 0.40934375 0.0798645833333333 0.027671875000000058
2 0.39453125 0.3826484375 0.0859375 0.05240625000000003
2 0.5225729166666667 0.383953125 0.0763854166666667 0.04720312499999997
2 0.629125 0.3891640625 0.08897916666666675 0.0419921875
2 0.7799479166666666 0.3963203125 0.13802083333333334 0.04850000000000003
1 0.22526041666666666 0.546875 0.1015625 0.0234375
1 0.3151041666666667 0.5434609375 0.109375 0.0380859375
1 0.41384375 0.5250625 0.0959166666666667 0.030601562500000058
1 0.5058645833333333 0.542640625 0.11328125 0.042320312500000054
1 0.63715625 0.56803125 0.1388854166666666 0.038414062500000054
1 0.78515625 0.598796875 0.13802083333333334 0.06282812500000005
3 0.20008333333333334 0.692546875 0.10330208333333335 0.055015625000000054
3 0.2836354166666667 0.6985703125 0.03341666666666671 0.029945312499999942
3 0.3216145833333333 0.7018203125 0.033854166666666664 0.036460937500000054
3 0.36784374999999997 0.7010078125 0.03515625 0.017249999999999942
3 0.3919270833333333 0.7102890625 0.0703125 0.022132812499999942
3 0.4494375 0.7224921875 0.04210416666666662 0.028968749999999942
3 0.5108541666666667 0.73665625 0.05815625000000004 0.024085937499999942
3 0.57790625 0.7421875 0.04904166666666659 0.046875
3 0.61675 0.7607421875 0.06163541666666674 0.048828125
3 0.6827291666666666 0.7802734375 0.0685729166666666 0.048828125
3 0.7523854166666666 0.8053359375 0.08549999999999992 0.040367187500000054
3 0.8493958333333332 0.8416328125 0.0685729166666666 0.07974999999999995