3 0.31727083333333334 0.72265625 0.04601041666666662 0.03125
3 0.38107291666666665 0.72265625 0.05382291666666662 0.03125
3 0.45659374999999996 0.7158203125 0.05903124999999996 0.021484375
3 0.5047708333333333 0.70475 0.05642708333333329 0.038414062500000054
3 0.59353125 0.7094765625 0.04904166666666659 0.0263671875
3 0.6549479166666666 0.7109375 0.0546875 0.03125
2 0.3539479166666667 0.4755859375 0.04904166666666671 0.033203125
2 0.4832916666666666 0.46321874999999996 0.0681458333333333 0.024085937499999942
2 0.6245625 0.48111718750000004 0.04601041666666674 0.032554687500000054
1 0.35590625000000004 0.5810546875 0.1076354166666667 0.025390625
1 0.47982291666666665 0.5719375 0.09244791666666667 0.030601562500000058
1 0.6245625 0.5904921875 0.07726041666666675 0.024742187500000058