3 0.21518711018711018 0.7883515624999999 0.12268191268191267 0.09857031250000006
3 0.37658004158004155 0.7545234375 0.09442827442827446 0.07592968750000004
3 0.43968814968814973 0.729421875 0.09279625779625778 0.07458593750000002
3 0.581975051975052 0.7443906250000001 0.09135135135135122 0.07683593749999992
3 0.689927234927235 0.7494609375 0.09055093555093545 0.07069531250000001
3 0.8332328482328483 0.762078125 0.1171413721413722 0.08615625000000016
0 0.18181912681912682 0.532515625 0.09494802494802493 0.08628125000000005
0 0.422006237006237 0.5294140625 0.07043659043659042 0.0800703125
0 0.6545634095634096 0.532578125 0.054511434511434566 0.08641406249999992
0 0.7071829521829521 0.5095390625 0.07741164241164245 0.1054765625
0 0.94502079002079 0.520640625 0.0725675675675675 0.10324218750000007
2 0.2982224532224532 0.101765625 0.17607068607068607 0.12046874999999999
2 0.565977130977131 0.1616953125 0.14820166320166314 0.08725000000000001
2 0.9081392931392931 0.06525 0.17378378378378384 0.11421875
1 0.2988045738045738 0.446828125 0.25090436590436593 0.07612500000000004