2 0.24125000000000002 0.3442421875 0.1396180555555556 0.0537109375
2 0.5436284722222222 0.3671875 0.18880208333333334 0.0546875
2 0.873125 0.34928125 0.14901041666666673 0.05403906249999997
0 0.16493055555555555 0.5805703125 0.078125 0.0341796875
0 0.3783333333333333 0.574546875 0.0795659722222222 0.043617187499999946
0 0.4405381944444444 0.5747109375 0.06510416666666667 0.0537109375
0 0.6597222222222222 0.5818671875 0.0954861111111111 0.060218749999999946
3 0.23980902777777777 0.7342109375 0.13671875 0.07584374999999995
3 0.3609722222222222 0.73828125 0.0795659722222222 0.046875
3 0.48755208333333333 0.7387734375 0.13310763888888882 0.0380859375
3 0.63078125 0.7368203125 0.12442708333333326 0.0419921875
3 0.7313368055555556 0.7369765625 0.12586805555555555 0.044273437500000054
3 0.8734895833333334 0.7369765625 0.10199652777777778 0.044273437500000054