3 0.18576041666666668 0.6892890625 0.059031250000000014 0.056312499999999946
3 0.26019791666666664 0.7037734375 0.08029166666666665 0.07161718750000005
3 0.34440624999999997 0.695640625 0.07161458333333333 0.051429687499999946
3 0.4596354166666667 0.6931953125 0.059895833333333336 0.056312499999999946
3 0.5533854166666666 0.7055703125 0.1015625 0.0576171875
3 0.6497395833333334 0.7001953125 0.06510416666666667 0.068359375
3 0.76171875 0.7036171875 0.059895833333333336 0.0693359375
3 0.8533020833333332 0.730796875 0.06076041666666659 0.07486718749999995
2 0.19943750000000002 0.2405625 0.11502083333333335 0.05533593750000003
2 0.37456249999999996 0.1796875 0.13976041666666664 0.078125
2 0.6349791666666668 0.20865625 0.1501770833333334 0.06966406249999997
2 0.8428854166666666 0.1669921875 0.1232604166666666 0.07747656249999997