2 0.33875 0.15418055555555557 0.07203125000000003 0.09206944444444444
2 0.47809375000000004 0.14266666666666666 0.07203906250000003 0.08666666666666664
2 0.5788125 0.14706944444444442 0.05844531249999996 0.0828888888888889
0 0.2843203125 0.5620694444444444 0.062203125000000005 0.10811111111111116
0 0.3977734375 0.5622083333333333 0.03729687500000001 0.10336111111111106
0 0.4265703125 0.5524027777777778 0.02839843749999993 0.09633333333333335
0 0.5215859375 0.5520277777777778 0.02321093750000003 0.06538888888888894
0 0.6311015624999999 0.5703472222222222 0.03005468750000002 0.06681944444444446
1 0.33640625 0.4862777777777778 0.1352500000000001 0.054625000000000055
1 0.467890625 0.47170833333333334 0.108203125 0.05565277777777785
1 0.5774140625 0.4639861111111111 0.08960156250000004 0.07038888888888882
3 0.3069453125 0.9167638888888889 0.04803906250000001 0.09319444444444432
3 0.376171875 0.8962777777777778 0.06057812499999997 0.07484722222222236
3 0.43590625000000005 0.8801527777777778 0.03574999999999999 0.0753055555555556
3 0.494625 0.8757222222222222 0.05982031249999995 0.0790277777777779
3 0.5539453125 0.834625 0.03275781250000005 0.08986111111111117
3 0.594140625 0.8421666666666667 0.04666406250000001 0.07981944444444448