3 0.23904906274988835 0.8913135385239626 0.09561962509995536 0.1377163762017263
3 0.31468448447564523 0.9109888024293034 0.08134967940698873 0.12374788123114377
3 0.41481743123316706 0.93415095450946 0.0675506890174204 0.10535009587633576
3 0.4679186228482003 0.9446764091858038 0.06259780907668232 0.11064718162839249
3 0.5582468688831 0.9201929306745373 0.09466986523810221 0.1154966263309794
3 0.6447574334898278 0.9373695198329853 0.07198748043818466 0.12526096033402923
0 0.1631703141173758 0.5849595225162137 0.04376744619580945 0.11327674557103692
0 0.312070682541785 0.5733784464761356 0.07897135512482768 0.09583183356129864
0 0.3529809998969785 0.6185928102564773 0.07516446642235856 0.10439722253126626
0 0.5264966321790022 0.5965405985562922 0.07254281523344183 0.09264860832062623
0 0.5659783851138878 0.6198598176713503 0.07729946379776392 0.09170620611121645
0 0.6983482223890188 0.6717442948671801 0.05803739188877604 0.1021773417713233
2 0.2600929155567329 0.07662777076066256 0.1391437443890091 0.10947572332641801
2 0.44895384147448253 0.1399362569616691 0.12297427897233633 0.11232387222596707
2 0.6520847130851988 0.19720289788679393 0.15817818790135452 0.11454375298590973