3 0.3567708333333333 0.7662734375 0.08507291666666662 0.07161718750000005
3 0.46701041666666665 0.76953125 0.0798645833333333 0.0625
3 0.6154479166666668 0.763671875 0.057291666666666664 0.07942968750000005
3 0.7361145833333332 0.7708359375 0.04861458333333341 0.078125
1 0.40538541666666666 0.5162734375 0.17881249999999996 0.037757812499999946
1 0.6857604166666668 0.5188828125 0.18403125000000006 0.05078125
0 0.31336458333333334 0.5670546875 0.06770833333333333 0.06900781249999995
0 0.5251770833333333 0.5709609375 0.05034375000000004 0.03515625
0 0.5798645833333332 0.564453125 0.0625 0.05859375
0 0.76996875 0.5826796875 0.05034374999999992 0.053382812499999946
2 0.42361458333333335 0.298828125 0.1076354166666667 0.06900781250000003
2 0.69878125 0.291015625 0.13715625000000006 0.06119531250000003
2 0.87934375 0.6770859375 0.10242708333333325 0.052085937500000054
2 0.9600729166666666 0.6393203125 0.05903125000000008 0.044273437500000054