2 0.2515625 0.301875 0.09780208333333332 0.04206640625000002
2 0.41192708333333333 0.31164453124999997 0.07699479166666663 0.052339843750000004
2 0.5884531249999999 0.28687109375 0.08233854166666674 0.04137890625000003
2 0.7603541666666668 0.29955859375 0.09077083333333344 0.04978125000000002
0 0.19225 0.5134257812499999 0.051192708333333316 0.06241796874999998
0 0.3539010416666667 0.5165 0.03501041666666668 0.02690625000000004
0 0.49909895833333334 0.50967578125 0.022963541666666625 0.041031249999999984
0 0.5221614583333333 0.4988125 0.04645833333333324 0.04399609375000004
0 0.6520885416666666 0.51485546875 0.04501562499999991 0.05447656250000001
0 0.695609375 0.52032421875 0.047703125000000075 0.0484375
0 0.8399010416666666 0.5241757812500001 0.02971874999999997 0.04225390625000003
3 0.23196875 0.6758515625 0.06890624999999997 0.049332031249999984
3 0.3149270833333333 0.668109375 0.06634374999999994 0.033781250000000006
3 0.3999166666666667 0.6676484375 0.08596354166666664 0.035910156249999936
3 0.4799166666666667 0.6647968750000001 0.04819270833333332 0.04747265625000008
3 0.5349375 0.6676992187499999 0.062057291666666715 0.053285156249999945
3 0.621953125 0.67398828125 0.05999999999999991 0.054679687500000004
3 0.7160520833333333 0.672640625 0.05719270833333331 0.053003906250000024
3 0.8144270833333334 0.67676953125 0.08056249999999991 0.051101562500000065