3 0.17849999999999996 0.8854166666666666 0.10390740740740735 0.06944270833333341
3 0.2839537037037037 0.87775 0.1111111111111111 0.07320833333333318
3 0.3680555555555556 0.8964114583333332 0.12808333333333338 0.07754687499999982
3 0.5367777777777778 0.9107343749999999 0.10750925925925922 0.06973437499999982
3 0.6286018518518518 0.92578125 0.1584351851851851 0.0859375
3 0.8333333333333334 0.9505208333333333 0.1975277777777778 0.09895833333333322
3 0.9666666666666667 0.96171875 0.06666666666666667 0.06614583333333321
1 0.25308333333333327 0.5822604166666666 0.24691666666666662 0.07754687499999999
1 0.4503611111111111 0.61915625 0.24331481481481473 0.05237499999999997
1 0.7191388888888889 0.584 0.3024722222222222 0.05323958333333323
1 0.9475277777777779 0.591375 0.10493518518518512 0.06626041666666663
2 0.3081296296296296 0.36611458333333335 0.12860185185185186 0.06539583333333328
2 0.4678518518518518 0.36568229166666666 0.15483333333333335 0.08015104166666669
2 0.6707777777777778 0.34065625 0.18107407407407392 0.1047447916666667