2 0.22361874018344483 0.4025467289719626 0.189102647541197 0.07758177570093458
2 0.5018439937868256 0.3575778816199377 0.1380018917206849 0.06887071651090348
0 0.10150036012113955 0.7040070093457944 0.08967103150843031 0.05894470404984418
0 0.3712770850146218 0.6901090342679128 0.05630038441846946 0.0523325545171339
0 0.4076258905405288 0.6894119937694704 0.03770945600013883 0.0438785046728972
0 0.6264198752158557 0.6879088785046729 0.06606096894280589 0.05853193146417439
1 0.22964447799790003 0.6588823987538941 0.28300835654596096 0.07817367601246109
1 0.5092581504525379 0.6140420560747664 0.22522930605090294 0.07501557632398743
3 0.20005033018335808 0.9437110591900311 0.10106995027724991 0.06300233644859823
3 0.3639601176684976 0.916082554517134 0.11146920747316445 0.05677180685358252
3 0.4466959970148995 0.8909267912772586 0.0998342574996311 0.054205607476635366
3 0.6172007740435096 0.8892912772585669 0.13491265977663805 0.04447819314641741