3 0.3015625 0.9270833333333334 0.0421875 0.0625
3 0.375 0.9034722222222222 0.0546875 0.06527777777777778
3 0.42890625 0.8763888888888889 0.0390625 0.08333333333333333
3 0.49140625 0.8715277777777778 0.0546875 0.0763888888888889
3 0.54765625 0.8270833333333333 0.046875 0.08194444444444444
3 0.587109375 0.8291666666666667 0.04765625 0.08333333333333333
2 0.3375 0.15138888888888888 0.0765625 0.09722222222222222
2 0.474609375 0.14166666666666666 0.07265625 0.08611111111111111
2 0.57734375 0.1486111111111111 0.0625 0.06666666666666667
0 0.278515625 0.5625 0.04609375 0.125
0 0.3953125 0.5590277777777778 0.0375 0.09583333333333334
0 0.425 0.5534722222222223 0.028125 0.059722222222222225
0 0.513671875 0.5506944444444445 0.03046875 0.06805555555555555
0 0.538671875 0.5618055555555556 0.02421875 0.06805555555555555
0 0.623828125 0.5638888888888889 0.03203125 0.06944444444444445
1 0.341796875 0.48819444444444443 0.10234375 0.059722222222222225
1 0.468359375 0.47152777777777777 0.08984375 0.0875
1 0.583203125 0.4673611111111111 0.08046875 0.07083333333333333