2 0.296875 0.2825546875 0.10069791666666662 0.08072656250000003
2 0.40711458333333334 0.3177109375 0.07465624999999995 0.0546875
2 0.5703125 0.3059921875 0.08854166666666667 0.0546875
2 0.7439270833333332 0.2825546875 0.0920104166666666 0.05989843749999997
0 0.20486458333333332 0.544921875 0.07638541666666665 0.053382812499999946
0 0.37846874999999996 0.5227890625 0.041666666666666664 0.06380468750000005
0 0.5703125 0.484375 0.03992708333333326 0.0390625
0 0.5807291666666666 0.49935156249999996 0.05382291666666674 0.04296875
0 0.7482604166666668 0.466796875 0.0625 0.04296875
0 0.7751770833333332 0.49478906250000004 0.06076041666666659 0.046875
3 0.20226041666666666 0.736328125 0.06076041666666665 0.05078125
3 0.31857291666666665 0.71484375 0.06076041666666671 0.046875
3 0.36284374999999996 0.6842421875 0.02778124999999996 0.05078125
3 0.45919791666666665 0.6751328125 0.0642395833333333 0.040367187500000054
3 0.5147604166666667 0.673828125 0.05382291666666662 0.05078125
3 0.6111145833333332 0.6731796875 0.08333333333333333 0.049476562499999946
3 0.6658020833333332 0.671875 0.06770833333333333 0.057289062499999946
3 0.7560729166666668 0.6809921875 0.0642395833333334 0.049476562499999946