2 0.5681145833333333 0.29703515625 0.12100000000000008 0.06783593750000003
2 0.5363177083333334 0.3614453125 0.06654687499999999 0.03692187499999999
2 0.873375 0.273890625 0.12264062499999989 0.07936328125000003
0 0.456625 0.5278906250000001 0.053505208333333346 0.03957031250000007
0 0.48690625 0.5414609375 0.03959374999999999 0.034375
0 0.6679739583333333 0.53840234375 0.07376562500000006 0.07038671875000002
0 0.7783385416666667 0.54073046875 0.05669791666666673 0.07112890625000005
0 0.9765833333333334 0.511859375 0.04683333333333337 0.09276171874999992
1 0.892203125 0.46410546874999997 0.20864062500000008 0.04331640624999995
1 0.5728489583333333 0.4798984375 0.1957916666666667 0.04255859374999993
3 0.5364114583333334 0.688109375 0.06411979166666673 0.03759765625
3 0.555875 0.737625 0.12656770833333322 0.04941796875000008
3 0.6709322916666667 0.73648828125 0.10973437500000002 0.04420312499999994
3 0.86553125 0.75791015625 0.12916666666666668 0.06548828125000003
3 0.9756041666666667 0.7935742187500001 0.04879166666666658 0.06625781249999996