2 0.13310185185185183 0.2548363095238095 0.09424603174603176 0.06572420634920632
2 0.4290674603174603 0.2517361111111111 0.1008597883597884 0.05952380952380949
2 0.6150793650793651 0.25731646825396826 0.10251322751322742 0.0806051587301587
2 0.8333333333333334 0.2535962301587301 0.10912698412698418 0.05580357142857144
3 0.10830026455026452 0.4439484126984127 0.09093915343915342 0.044642857142857116
3 0.199239417989418 0.4340277777777778 0.11078042328042326 0.062003968253968186
3 0.38690476190476186 0.4383680555555555 0.07936507936507932 0.050843253968253954
3 0.4629629629629629 0.43588789682539686 0.05952380952380949 0.04588293650793655
3 0.5778769841269841 0.43650793650793646 0.054563492063491974 0.03968253968253972
3 0.646494708994709 0.43588789682539686 0.07275132275132279 0.04588293650793655
3 0.7944775132275131 0.43650793650793646 0.057870370370370475 0.04712301587301582
3 0.873015873015873 0.4352678571428571 0.07605820105820106 0.05208333333333339