2 0.28819791666666666 0.3092421875 0.10069791666666662 0.04557031250000003
2 0.4817708333333333 0.27734375 0.07117708333333338 0.0703125
2 0.6432291666666666 0.2786484375 0.109375 0.05728906250000003
2 0.86371875 0.3046875 0.11979166666666667 0.08853906250000003
3 0.22048958333333332 0.734375 0.07638541666666665 0.09114843750000005
3 0.3359375 0.7376328125 0.08507291666666662 0.061195312499999946
3 0.43923958333333335 0.7161484375 0.05555208333333338 0.0625
3 0.5208333333333334 0.7233046875 0.04513541666666659 0.053382812499999946
3 0.5850729166666666 0.7200546875 0.04861458333333341 0.06771093750000005
3 0.6944479166666666 0.736328125 0.0625 0.048179687500000054
3 0.7716979166666668 0.7662734375 0.06076041666666659 0.061195312499999946
3 0.87065625 0.7799453125000001 0.05034374999999992 0.057289062499999946
1 0.8619791666666666 0.5475234375 0.2204895833333334 0.061195312499999946
1 0.6493020833333334 0.501953125 0.12153125000000008 0.053382812499999946