2 0.32349919790424886 0.08376908528085548 0.17156116777292096 0.09873233813914832
2 0.539918858325852 0.0478635611023488 0.12895541132549387 0.08376908528085548
2 0.7142822101539925 0.15332883947094586 0.15922998807894392 0.11218774746238572
0 0.33303604279806315 0.4001439781153264 0.05606722886956003 0.07030320482195793
0 0.33191359932496406 0.3320815963246313 0.10316275920938381 0.09873233813914827
0 0.43619095275239034 0.4839130633961819 0.04261360570248374 0.08526645768025085
0 0.5976658277775324 0.4876512588268401 0.024670208643011053 0.07779006681893443
0 0.6071948234162902 0.521315959974084 0.034764350645846515 0.08826120247904129
0 0.7294234231582458 0.5474937991243513 0.04149116222938452 0.09573759334035782
3 0.3111680182102717 0.762895530788411 0.05942671003380086 0.09573759334035782
3 0.3778866861916886 0.7599007859896205 0.07176573898283466 0.10171661180227898
3 0.4793618555638953 0.7389585146694067 0.07064329550973553 0.1286483727200738
3 0.5427210423810714 0.7561625905589622 0.07176573898283474 0.11218774746238583
3 0.6156092248370052 0.7703719216497273 0.0762476636201747 0.07479532202014387
3 0.691291742093102 0.7890733699386784 0.0683984085635373 0.11518249226117638