2 0.08311458333333333 0.45070703125 0.13456770833333334 0.05837890624999993
2 0.2625416666666666 0.45812890624999997 0.07915625000000001 0.05739062500000003
2 0.42415625 0.43734765624999994 0.09367187499999995 0.06332812499999996
2 0.5870885416666667 0.42893749999999997 0.08707291666666658 0.056398437500000044
2 0.7546406250000001 0.41657031250000004 0.09498958333333339 0.05541015624999997
2 0.9037239583333334 0.43537109375 0.07652083333333337 0.04353515624999993
0 0.3707239583333333 0.6678984375 0.06596354166666671 0.029683593749999914
0 0.49671875000000004 0.6634453125 0.05145312499999998 0.046503906250000074
3 0.15040104166666665 0.88409765625 0.07652083333333332 0.05837890624999993
3 0.2005364583333333 0.8756875000000001 0.0527708333333333 0.0514531250000001
3 0.33444270833333334 0.84303515625 0.069921875 0.04551562500000017
3 0.3984270833333333 0.8321484375000001 0.058046875000000026 0.05541015625000014
3 0.4828645833333333 0.83116015625 0.07652083333333337 0.04353515624999993
3 0.5719166666666666 0.8232460937500001 0.06728645833333337 0.0514531250000001
3 0.6636093750000001 0.84055859375 0.06332812500000008 0.05244140625
3 0.7262760416666667 0.8257187500000001 0.06464583333333328 0.056398437500000044
3 0.7935625000000001 0.8178007812500001 0.056729166666666705 0.06233593749999997
3 0.8324791666666667 0.8558984374999999 0.05804687499999991 0.05541015625000014
3 0.9703125 0.8744140625 0.059375 0.069140625