2 0.4244791666666667 0.34765625 0.0642395833333333 0.03125
2 0.6085104166666666 0.3033828125 0.02951041666666659 0.020835937499999967
0 0.5269062499999999 0.3203125 0.036458333333333336 0.015625
0 0.5095520833333333 0.357421875 0.022572916666666623 0.01953125
0 0.55121875 0.361328125 0.026041666666666668 0.022132812500000033
3 0.5442708333333334 0.40950781249999996 0.04340625000000008 0.029945312499999942
3 0.54340625 0.451171875 0.0625 0.03515625
3 0.46701041666666665 0.458984375 0.041666666666666664 0.029945312499999942
3 0.46007291666666666 0.49935156249999996 0.05903124999999996 0.03515625
1 0.42534374999999996 0.40625 0.09375 0.028648437500000058
1 0.6111145833333332 0.3548203125 0.0798645833333334 0.03255468749999997