3 0.40190000000000003 0.7612431924882629 0.030312499999999964 0.02523568075117374
3 0.3229225 0.7238610328638497 0.04341750000000007 0.042092018779342696
1 0.638605 0.7079248826291079 0.018807499999999956 0.07726197183098585
1 0.42252999999999996 0.6385840375586855 0.05967250000000006 0.03467417840375592
1 0.2989275 0.5647774647887325 0.02220500000000003 0.10159248826291094
0 0.338685 0.4891455399061032 0.018075000000000063 0.014907042253521212
2 0.8409500000000001 0.6169802816901409 0.03676999999999993 0.056837558685446044
2 0.618245 0.6905239436619719 0.04124250000000007 0.0626178403755869
2 0.4119275 0.5350384976525822 0.031460000000000043 0.04492394366197188
2 0.3148625 0.491312676056338 0.02899249999999993 0.03212769953051641
2 0.292505 0.430531455399061 0.03663250000000007 0.03987605633802824
2 0.33352499999999996 0.38910422535211264 0.02993750000000004 0.037002816901408414