3 0.30068750000000005 0.75855859375 0.07883333333333328 0.05173437500000002
3 0.43840625 0.76425 0.12140104166666663 0.05246093750000007
3 0.5643072916666667 0.7435898437499999 0.08353125000000006 0.06439453124999997
3 0.7362760416666667 0.7566328125 0.12643750000000012 0.06279296875
1 0.3813541666666667 0.4662890625 0.23147395833333337 0.07360937500000002
1 0.6560677083333334 0.49692578125000003 0.18177604166666678 0.06935546875000007
0 0.562875 0.5339765625 0.05610416666666656 0.07323828124999991
0 0.7666458333333334 0.54448828125 0.054453125000000095 0.06868750000000005
0 0.4925833333333333 0.53603515625 0.04294270833333336 0.04504687500000006
2 0.417484375 0.1967578125 0.1224635416666666 0.07854687500000002
2 0.6918489583333333 0.23856640625 0.1238124999999999 0.0975546875