2 0.24822916666666664 0.2155546875 0.20473958333333334 0.09635156250000003
2 0.5212152777777779 0.1677734375 0.19519097222222234 0.07266406249999999
2 0.8204166666666667 0.196671875 0.19635416666666672 0.07733593750000001
1 0.2671527777777778 0.41656250000000006 0.31204861111111115 0.08899218750000007
1 0.5756597222222222 0.36345312500000004 0.26934027777777775 0.07028125000000003
1 0.8541666666666666 0.4 0.2916666666666667 0.059375
3 0.3029861111111111 0.641921875 0.1267708333333333 0.05846874999999994
3 0.39371527777777776 0.6248828125 0.13463541666666667 0.05563281250000003
3 0.5688888888888889 0.597265625 0.13772569444444452 0.05977343749999999
3 0.7027083333333333 0.5948515624999999 0.14147569444444447 0.06743749999999996
3 0.8106423611111111 0.6080546874999999 0.12123263888888897 0.07510156250000008
3 0.9245659722222221 0.632765625 0.12687499999999988 0.06827343750000008
0 0.7242361111111112 0.423984375 0.060590277777777736 0.03694531249999997
0 0.4613194444444445 0.417390625 0.054739583333333286 0.032546875000000065