2 0.8052421875 0.24777083333333336 0.09263281250000013 0.06993749999999999
2 0.6763359375 0.2440520833333333 0.09598437499999993 0.06547916666666669
2 0.580359375 0.2671145833333333 0.07142968750000005 0.04910416666666665
2 0.47935156250000005 0.3139895833333333 0.09039843750000003 0.0625
2 0.38392968750000006 0.3288645833333333 0.078125 0.056552083333333295
0 0.3247734375 0.5848229166666666 0.051335937500000026 0.0625
0 0.40122656250000005 0.5706875 0.04129687499999992 0.07291666666666667
0 0.5362734375 0.546875 0.034601562499999974 0.06993750000000011
0 0.63671875 0.5550625 0.03236718750000005 0.07142708333333327
0 0.763953125 0.5595208333333334 0.04129687499999992 0.08928125000000003
0 0.310265625 0.6636875 0.158484375 0.13392708333333328
3 0.314734375 0.8452395833333333 0.04910937500000001 0.04464583333333323
3 0.3666328125 0.8467291666666666 0.06361718749999996 0.053572916666666734
3 0.41517968749999995 0.8467291666666666 0.06026562500000008 0.041666666666666664
3 0.46539843750000004 0.8378020833333333 0.06026562500000008 0.0684479166666667
3 0.5463203125 0.8311041666666666 0.06807812500000007 0.06993750000000011
3 0.6216484375 0.8273854166666667 0.07142968750000005 0.08928125000000003
3 0.6902890625 0.84375 0.0703125 0.07440625000000006
3 0.75390625 0.8378020833333333 0.07700781249999995 0.08333333333333333
3 0.8191953125 0.8363125 0.055804687499999873 0.07440625000000006
3 0.8694218749999999 0.8363125 0.055804687499999873 0.07440625000000006