2 0.6216796875 0.43643859649122807 0.04692968749999995 0.0757894736842105
2 0.6132421875 0.3693859649122807 0.0283203125 0.04884210526315785
2 0.614171875 0.25814035087719295 0.023312499999999937 0.04650877192982455
2 0.4995234375 0.24450877192982456 0.024734375000000065 0.05431578947368417
2 0.4683984375 0.3737719298245614 0.022335937499999937 0.04007017543859645
2 0.383203125 0.40028070175438596 0.05236718749999998 0.07554385964912282
2 0.261328125 0.24398245614035086 0.01857812499999998 0.037666666666666716
2 0.7145546875 0.30487719298245614 0.014921874999999928 0.04507017543859649
0 0.375796875 0.5810000000000001 0.021250000000000036 0.050561403508772015
3 0.568890625 0.6473508771929825 0.02935156249999995 0.046403508771929905
3 0.6053203125 0.7152982456140351 0.027843750000000077 0.06861403508771932
3 0.7011328125 0.844842105263158 0.06245312500000004 0.07717543859649124
3 0.45638281249999996 0.5227017543859649 0.014039062500000022 0.040684210526315885
3 0.481828125 0.5159649122807018 0.029804687500000072 0.022561403508771952
3 0.49103125 0.5022631578947369 0.01515625000000007 0.01835087719298252
3 0.5026484375 0.5018421052631579 0.012570312499999936 0.0360701754385964
3 0.5307421875 0.4476140350877193 0.00988281250000007 0.01807017543859641
3 0.586890625 0.4961929824561403 0.016812499999999987 0.017824561403508715
3 0.5687265625 0.5980175438596491 0.02592968750000004 0.03126315789473693
3 0.11007031249999999 0.5605087719298246 0.026968749999999986 0.03043859649122811
3 0.13148437500000001 0.5353157894736842 0.026398437500000017 0.021807017543859563
3 0.2602578125 0.46273684210526317 0.019500000000000028 0.03208771929824555
3 0.40192187500000004 0.7672631578947368 0.04973437500000007 0.04264912280701745
3 0.44602343749999995 0.727842105263158 0.056343750000000095 0.05194736842105266
3 0.7812265625 0.9652807017543861 0.054929687499999956 0.06943859649122794