2 0.24045312500000002 0.1953125 0.189234375 0.09635546875000003
2 0.5633697916666667 0.22395703125000002 0.15798437499999995 0.0859375
2 0.8211822916666667 0.1953125 0.13541666666666666 0.1015625
1 0.2578125 0.50520703125 0.26215104166666664 0.06770703124999997
1 0.5503489583333334 0.52734375 0.19097395833333336 0.08073046875000003
1 0.7925364583333334 0.50130078125 0.20659895833333336 0.09114453124999997
0 0.3706614583333333 0.59765625 0.08854166666666667 0.05729296875000003
0 0.6649322916666667 0.59375 0.020833333333333332 0.0390625
0 0.712671875 0.58463671875 0.050348958333333374 0.08333203124999997
0 0.896703125 0.58528515625 0.057291666666666664 0.04817578124999997
3 0.19704687499999995 0.81966015625 0.140625 0.08203125
3 0.3411458333333333 0.814453125 0.06770833333333333 0.07682421875000003
3 0.4652760416666667 0.80338671875 0.07985937499999997 0.0703125
3 0.5824635416666666 0.8046875 0.09201562500000003 0.06770703124999997
3 0.671875 0.77604296875 0.0625 0.08333203124999997
3 0.7977447916666667 0.80078125 0.109375 0.08333203124999997