2 0.19279513888888888 0.3479921875 0.1990625 0.06725000000000003
2 0.5450694444444444 0.3464453125 0.14888888888888888 0.054390625000000005
2 0.8145486111111111 0.3593046875 0.14998263888888885 0.06059375000000004
0 0.1265798611111111 0.58175 0.07529513888888889 0.04485156250000007
0 0.36460069444444443 0.5594921875 0.0959201388888889 0.043265625000000085
0 0.7288020833333334 0.5720390625 0.06524305555555562 0.0625078125
0 0.9346006944444445 0.5676015624999999 0.09513888888888881 0.05364062500000007
3 0.20996527777777776 0.7373203125 0.0859201388888889 0.04759375000000006
3 0.30289930555555555 0.7228671875 0.08529513888888889 0.04990625000000008
3 0.47460069444444447 0.6940390625 0.11637152777777773 0.05081249999999997
3 0.6040104166666667 0.692890625 0.10194444444444449 0.04070312499999993
3 0.7703819444444444 0.7089375 0.09637152777777776 0.049382812500000026
3 0.9393229166666666 0.7190546875 0.1132638888888889 0.05399218749999992