2 0.6901805280183659 0.22259009009009006 0.14401892239730077 0.10694819819819816
2 0.4078889700511322 0.2501463963963964 0.11610838637865666 0.10736486486486489
2 0.24293018887613482 0.2035135135135135 0.16782496782496786 0.10417792792792788
1 0.2301158301158301 0.4679279279279279 0.15012696093777175 0.06352477477477478
1 0.38384639465720544 0.5424211711711713 0.21113777870534622 0.08701576576576589
1 0.6462694354586246 0.5495045045045044 0.23906222825141726 0.07868243243243249
0 0.5527009635117742 0.6237049549549549 0.07577307036766495 0.08228603603603588
0 0.7983999443458902 0.6298423423423423 0.09014574419979825 0.1138626126126125
3 0.15720894639813557 0.8088738738738739 0.11166997112943061 0.08904279279279273
3 0.25812376082646354 0.8273761261261262 0.047139030922814705 0.052049549549549566
3 0.29262930884552507 0.8438288288288289 0.10819158927267035 0.0688513513513513
3 0.42920449406935895 0.8743018018018018 0.0951407005461059 0.07512387387387384
3 0.514563984834255 0.9257770270270271 0.12672440780548896 0.0686599099099098
3 0.7196215520539845 0.9216779279279279 0.09956520226790484 0.07976351351351348