2 0.34240805333568813 0.18665846427706623 0.09274679774922608 0.0977061668444578
2 0.5652091581183374 0.24675231183041998 0.08533710097576061 0.08625074443230087
2 0.7437718614017788 0.15498327890524274 0.11952060674741585 0.08222982833881975
0 0.2604696797994515 0.6389591691153854 0.05893220696523271 0.09281614649118793
0 0.43195235502180607 0.6089803077204992 0.0318679755299472 0.09568523766205708
0 0.4816930843157166 0.6206032683032178 0.028186674908384626 0.08603085058343861
0 0.602414627086798 0.631482778254069 0.04761358117356187 0.07786336476855509
0 0.7981515004341619 0.6257027113696899 0.0555962735661619 0.08126648385808995
3 0.33181155900922776 0.8920988736984705 0.06706403520390895 0.07852304631514195
3 0.37660725761745667 0.900381542005615 0.06919118332425757 0.08911983560316997
3 0.5165437767671862 0.8708843528510939 0.06649888883983099 0.10191556337982079
3 0.5961430722965448 0.8656487850210404 0.06423045412846282 0.08248113559466243
3 0.6629009865532449 0.8966433465749569 0.06318650320593011 0.09659622646448651
3 0.7248708552253962 0.9261405357294782 0.06153815964403638 0.11371653326876134