3 0.3291015625 0.8782083333333334 0.062300781250000006 0.08306770833333346
3 0.403140625 0.910109375 0.11105468750000007 0.08908333333333332
3 0.53315625 0.9341875000000001 0.07494140624999997 0.10834895833333344
3 0.61757421875 0.9408072916666667 0.0920937499999999 0.11677083333333324
0 0.2794453125 0.5959062500000001 0.049660156249999955 0.07464062499999997
0 0.4302265625 0.6254010416666667 0.03521093749999995 0.08065625000000007
0 0.48575390625 0.5850729166666666 0.06500781250000003 0.0914947916666667
0 0.68529296875 0.599515625 0.06320312500000007 0.08908333333333332
1 0.5891328125 0.4640833333333333 0.18148046875000007 0.11918229166666663
1 0.3372265625 0.5194635416666668 0.14536328125000003 0.09992187499999995
2 0.35844531249999995 0.11376562500000001 0.15349218750000002 0.1432604166666667
2 0.6275078125 0.05296875 0.1318203125 0.1059375