3 0.39078124999999997 0.8821171874999999 0.15654166666666663 0.06073437499999983
3 0.4246875 0.8388125000000001 0.06601041666666667 0.03661718749999991
3 0.4766666666666667 0.8221953125000001 0.0908020833333333 0.047140625000000116
3 0.5090833333333333 0.8016875000000001 0.0658541666666667 0.026656249999999916
3 0.5175833333333333 0.7836328124999999 0.0581874999999999 0.029124999999999977
3 0.5348333333333334 0.7660390625 0.0536041666666667 0.02787500000000005
3 0.5495520833333334 0.752828125 0.05219791666666656 0.027671875000000058
3 0.5803125 0.743578125 0.05611458333333322 0.030757812499999915
3 0.60984375 0.7305390625 0.06993750000000011 0.023195312500000044
0 0.4479479166666666 0.661171875 0.06288541666666667 0.05260937499999994
0 0.5709583333333333 0.6268984375 0.037416666666666744 0.02725781250000008
0 0.6151770833333334 0.621921875 0.03123958333333334 0.035812499999999935
1 0.43419791666666663 0.580671875 0.10532291666666668 0.041234374999999976
1 0.51090625 0.577828125 0.07155208333333339 0.037101562500000004
1 0.5893333333333334 0.5848046874999999 0.04741666666666665 0.021742187499999944
1 0.62775 0.5859296875 0.037864583333333236 0.0208984375
2 0.45473958333333336 0.37909375 0.11329166666666665 0.058351562500000044
2 0.5133125 0.3979921875 0.0701562499999999 0.05278906250000004
2 0.5651979166666667 0.41697656250000004 0.045187500000000116 0.04346093750000009
2 0.5905208333333333 0.45746093749999994 0.05903125000000008 0.037710937499999986
2 0.6265833333333333 0.458796875 0.04182291666666676 0.040390625000000034