0 0.1256029106029106 0.554296875 0.1222869022869023 0.11446874999999998
0 0.4124636174636175 0.49324218750000004 0.08892931392931389 0.08610156250000003
0 0.6518814968814969 0.5792265624999999 0.09376299376299381 0.06745312499999993
0 0.8635343035343036 0.6074140625 0.10125779625779634 0.07069531250000001
1 0.7924636174636175 0.523484375 0.21693347193347198 0.09659375000000008
2 0.2810291060291061 0.1488046875 0.2044386694386694 0.15035156249999998
2 0.5593762993762994 0.23472656249999999 0.1540748440748441 0.10344531249999997
2 0.8172245322245322 0.212359375 0.1749688149688149 0.10558593749999998
3 0.1786070686070686 0.8236874999999999 0.0994074844074844 0.0782343749999999
3 0.31164241164241163 0.80728125 0.12430353430353434 0.07981249999999988
3 0.4445841995841996 0.80309375 0.11160083160083162 0.06831250000000004
3 0.5881081081081081 0.8190703125000001 0.07016632016632017 0.08463281249999995
3 0.6647401247401248 0.8176484374999999 0.09452182952182958 0.08178906250000004
3 0.8174220374220375 0.8510937500000001 0.08388773388773393 0.08304687500000014