3 0.16015625 0.92610546875 0.0859375 0.04362109375000003
3 0.2803802083333334 0.9099921875 0.09201562500000003 0.05241015625000003
3 0.3932291666666667 0.9041328125 0.109375 0.05631640625000003
3 0.4908854166666667 0.89501953125 0.09114583333333333 0.0693359375
3 0.611546875 0.907390625 0.0616302083333333 0.06282421874999997
3 0.691625 0.91178515625 0.06814062499999997 0.07747265624999997
0 0.14800520833333333 0.74772265625 0.10329687500000002 0.07747265624999997
0 0.3077239583333334 0.72395703125 0.058161458333333374 0.05729296875000003
0 0.3363697916666667 0.70051953125 0.07378645833333337 0.05729296875000003
0 0.5130208333333334 0.697265625 0.046875 0.05859375
0 0.568140625 0.71158984375 0.058161458333333374 0.07942578124999997
0 0.7115885416666666 0.71842578125 0.045572916666666664 0.07356640624999997
2 0.21484375 0.46484375 0.12239583333333333 0.0703125
2 0.4088541666666667 0.46614453125 0.09895833333333333 0.04948046875000003
2 0.6499583333333334 0.4560546875 0.09939062499999997 0.048828125