3 0.3147890625 0.93675 0.07152343749999997 0.09336458333333345
3 0.3840703125 0.9343854166666666 0.06278124999999993 0.0737604166666666
3 0.4495078125 0.94465625 0.05971093750000005 0.0883541666666666
3 0.5368984375 0.94384375 0.07155468749999994 0.09268750000000002
3 0.6085703125 0.8791354166666667 0.051953125 0.07338541666666672
3 0.6909921875 0.8910416666666666 0.04939062500000002 0.07933333333333342
0 0.29069531249999997 0.728 0.05682031250000001 0.08362499999999998
0 0.42328124999999994 0.6896041666666667 0.045218750000000085 0.0603854166666667
0 0.602640625 0.6545729166666666 0.03339062500000001 0.0439062500000001
0 0.718890625 0.6561979166666667 0.03821875000000006 0.0650000000000001
2 0.35571875 0.3978854166666667 0.09311718749999995 0.08409375000000002
2 0.4923125 0.3714375 0.09175781250000004 0.09370833333333337
2 0.656296875 0.3513645833333333 0.10053125000000004 0.07438541666666663