2 0.064453125 0.45923437500000003 0.06639062500000001 0.07746093750000008
2 0.19241406249999998 0.4515703125 0.0660625 0.055882812499999976
2 0.3429609375 0.45377343750000004 0.05465625000000003 0.05715625000000006
2 0.47546875 0.46421093750000003 0.05092187500000005 0.05615625000000009
2 0.5357578125 0.46967968750000005 0.04961718749999999 0.045218750000000085
2 0.6189843749999999 0.4852265625 0.05357031249999995 0.048195312500000045
2 0.6839609375 0.46754687500000003 0.04289843750000007 0.04096093750000005
2 0.7710859375 0.469890625 0.03903125000000003 0.03627343750000005
2 0.8548046875 0.4666953125 0.04767968750000016 0.0455078125
2 0.9446406250000001 0.46385156250000004 0.0611328125 0.03982812500000001
0 0.0408125 0.7142031249999999 0.028476562500000004 0.05302343750000009
0 0.10600000000000001 0.6659921875 0.040101562499999986 0.04723437500000003
0 0.141859375 0.6717421875 0.03370312499999999 0.05560937500000005
0 0.25817968750000003 0.6688359375 0.022585937499999976 0.05291406250000001
0 0.2951015625 0.659390625 0.036765624999999955 0.04340624999999996
0 0.39480468750000003 0.6742343749999999 0.03333593750000006 0.04495312499999997
0 0.44060156250000004 0.676859375 0.046812500000000055 0.02834374999999998
0 0.5354062500000001 0.6588984375 0.033289062499999925 0.03303906249999997
0 0.592 0.6713203125 0.030851562500000006 0.042257812499999936
0 0.66634375 0.6633671875 0.03267968749999994 0.03260937500000001
0 0.7365078125 0.643203125 0.02300000000000004 0.03603124999999992
0 0.8198046874999999 0.6432734375 0.023960937500000057 0.03304687499999996
0 0.8996171875 0.6378828125 0.01485156250000017 0.041000000000000016
0 0.9093515625 0.6351093750000001 0.012429687499999887 0.032343750000000074
0 0.98671875 0.641796875 0.0265625 0.04296875
3 0.0203125 0.906640625 0.040625 0.04453125
3 0.0660859375 0.859328125 0.060281249999999995 0.04953125000000007
3 0.1525078125 0.85471875 0.05500000000000003 0.05592187499999994
3 0.2370078125 0.8449843749999999 0.06775781250000001 0.058343749999999875
3 0.303265625 0.8324921875 0.03464062500000002 0.052101562500000045
3 0.3714375 0.8214140625 0.04598437500000001 0.04870312500000011
3 0.45146875 0.8332734374999999 0.027921875000000006 0.050539062500000044
3 0.5053671875 0.8283046875 0.04508593750000003 0.04060156249999984
3 0.5628828125 0.7976328125000001 0.03512500000000003 0.04800781249999986
3 0.58525 0.8125390625 0.032984375000000024 0.046578124999999915
3 0.6409921875 0.8067187499999999 0.06634375000000006 0.04118749999999984
3 0.661734375 0.7838593749999999 0.039070312499999996 0.032960937500000044
3 0.7103046875000001 0.7911015625 0.06121093749999993 0.04119531250000001
3 0.7441718749999999 0.77646875 0.044578124999999955 0.06193749999999998
3 0.7893359375 0.7686640625 0.05365625000000005 0.046320312499999974
3 0.815046875 0.7770390625 0.03632031249999983 0.038078125000000004
3 0.8832109375 0.7814453125 0.04766406250000017 0.04063281250000017
3 0.9123281249999999 0.7761171874999999 0.043390624999999974 0.045601562499999915
3 0.9749609375 0.7828671875000001 0.037406250000000085 0.04346875000000008