2 0.32914583333333336 0.36721875000000004 0.07910416666666673 0.06842968750000003
2 0.4886875 0.3696328125 0.08568749999999999 0.06075781249999999
2 0.6646041666666667 0.37190625 0.11252083333333332 0.05905468750000002
0 0.2519895833333333 0.5923671875000001 0.07061458333333336 0.04685156250000002
0 0.38643750000000004 0.5886015625 0.04784374999999995 0.04870312499999994
0 0.42402083333333335 0.591015625 0.052187500000000026 0.041031249999999984
0 0.5596041666666667 0.590734375 0.0650208333333334 0.05296093749999997
0 0.5995625 0.5810078125 0.05327083333333344 0.055375000000000084
0 0.7741562500000001 0.58775 0.05244791666666657 0.05324218750000007
3 0.27925 0.77015625 0.09181249999999999 0.04617968749999992
3 0.37715624999999997 0.7673828125 0.06261458333333335 0.03751562499999998
3 0.4264791666666667 0.768375 0.07377083333333338 0.058249999999999955
3 0.5286458333333334 0.7653984375 0.07392708333333337 0.058531250000000055
3 0.628625 0.7724921874999999 0.08222916666666673 0.07272656250000012
3 0.72984375 0.7756171875 0.08048958333333331 0.06647656250000011