2 0.3995494864612512 0.1559576330532213 0.21552987861811393 0.12284138655462185
2 0.5390219421101775 0.25910364145658266 0.12332633053221281 0.08928571428571433
2 0.6059360410830998 0.29207457983193275 0.1264402427637722 0.0816999299719888
0 0.34897292250233425 0.6331705182072829 0.09570494864612514 0.10212359943977596
0 0.4651027077497666 0.5824002100840336 0.040849673202614414 0.07761379551820724
0 0.4861111111111111 0.573937324929972 0.045518207282913184 0.057190126050420176
0 0.5707282913165267 0.5695605742296919 0.06302521008403351 0.044935224089635815
0 0.6417296918767508 0.5295868347338936 0.048629785247432264 0.05252100840336134
3 0.28854166666666664 0.9421875 0.11041666666666666 0.115625
3 0.41063725490196085 0.8774632352941177 0.14666900093370677 0.058356092436974906
3 0.4580999066293184 0.8226067927170868 0.12021475256769373 0.06069152661064434
3 0.5143160597572363 0.7909488795518207 0.11360177404295056 0.044642857142857206
3 0.5594467787114846 0.737844887955182 0.09181372549019601 0.06448354341736699
3 0.6162464985994398 0.7199002100840336 0.07469654528478055 0.05135329131652657