2 0.33499218750000004 0.14754166666666668 0.06755468750000002 0.10643055555555556
2 0.47654687500000004 0.13119444444444445 0.07634375000000002 0.11387499999999998
2 0.5748203125 0.14823611111111112 0.06282031250000006 0.10783333333333335
0 0.2790546875 0.5518055555555555 0.03900781249999996 0.1279166666666667
0 0.39571093749999997 0.5476666666666666 0.034468749999999916 0.08570833333333339
0 0.4274296875 0.5418472222222223 0.03888281249999999 0.08333333333333333
0 0.5115390625 0.5391250000000001 0.030015625000000056 0.07477777777777782
0 0.533671875 0.55125 0.037820312500000064 0.08977777777777776
0 0.6261015624999999 0.563236111111111 0.04386718750000007 0.0798055555555556
1 0.3301796875 0.47861111111111115 0.13082812500000002 0.05559722222222219
1 0.46529687500000005 0.46631944444444445 0.11460937500000004 0.10819444444444441
1 0.5651484375 0.46338888888888885 0.08688281250000003 0.07762499999999999
3 0.30059375 0.914 0.05430468749999999 0.09615277777777781
3 0.3732265625 0.8959861111111111 0.058937500000000045 0.08170833333333323
3 0.422734375 0.8661111111111112 0.0451171875 0.10220833333333322
3 0.4881875 0.8619027777777778 0.056218750000000026 0.09379166666666663
3 0.546375 0.8307638888888889 0.042390624999999994 0.07473611111111103
3 0.5941484375 0.82775 0.04939843750000002 0.07797222222222236