2 0.2922083333333333 0.26663281250000004 0.1094479166666666 0.06945312499999998
2 0.46370833333333333 0.256828125 0.09015624999999995 0.047562499999999994
2 0.61425 0.25459375 0.09896875 0.04995312500000004
0 0.2473125 0.5122890625000001 0.04706250000000001 0.046992187500000074
0 0.39709374999999997 0.48842187499999995 0.026947916666666672 0.044937499999999984
0 0.42213541666666665 0.4802734375 0.040499999999999994 0.044624999999999915
0 0.5333125 0.467203125 0.028427083333333294 0.045882812500000016
0 0.5578020833333334 0.46782812500000004 0.034781250000000104 0.04256250000000002
0 0.68240625 0.4605625 0.03736458333333322 0.02803906250000008
3 0.2978125 0.66725 0.056729166666666705 0.04410156250000004
3 0.3811041666666667 0.6500781250000001 0.08935416666666664 0.03487500000000008
3 0.4448229166666666 0.625953125 0.061520833333333275 0.04371093750000003
3 0.5005208333333333 0.6028671875 0.06634375000000006 0.05461718750000007
3 0.5851979166666667 0.608578125 0.04086458333333335 0.04320312499999997
3 0.6401979166666667 0.60484375 0.07473958333333333 0.04029687499999994