2 0.4028057795698925 0.2726033621081327 0.07476478494623659 0.0883436821646726
2 0.5754368279569892 0.25808975718107935 0.055443548387096794 0.0971780503811399
2 0.7300067204301075 0.24546923115755467 0.08232526881720421 0.08708162956232016
0 0.3666834677419355 0.6802463526679793 0.037802419354838704 0.08581957695996784
0 0.4809307795698925 0.6556363269221062 0.032762096774193596 0.08455752435761518
0 0.510752688172043 0.6411227219950527 0.03192204301075261 0.07572315614114794
0 0.6329805107526882 0.6367055378868192 0.05460349462365599 0.07950931394820537
0 0.6716229838709677 0.641753748296229 0.032762096774193596 0.08960573476702506
0 0.7833501344086022 0.65500530062093 0.0462029569892473 0.09339189257408241
3 0.38828125 0.9553990610328639 0.0765625 0.0892018779342723
3 0.46796875 0.954225352112676 0.0546875 0.09154929577464789
3 0.5481350806451613 0.9358120046443537 0.036122311827957 0.07698520874350033
3 0.6023185483870968 0.9276086627290626 0.0672043010752688 0.0883436821646726
3 0.6875840053763441 0.9276086627290626 0.0411626344086022 0.09339189257408241
3 0.7568884408602151 0.9212983997173003 0.058803763440860204 0.08329547175526279