2 0.1522734375 0.17703125 0.09100000000000001 0.07974999999999999
2 0.3924765625 0.163578125 0.12609375000000006 0.09971875
2 0.5897187500000001 0.185703125 0.1273515625 0.09710937499999997
2 0.7899921875 0.1492578125 0.12946874999999985 0.10232812500000002
0 0.110390625 0.5463203125 0.082765625 0.06832812500000003
0 0.2846328125 0.5224453125 0.0953125 0.07788281250000004
0 0.337578125 0.5200625 0.0709921875 0.09133593750000006
0 0.5124765625000001 0.5270078125000001 0.061406249999999926 0.07918749999999992
0 0.67434375 0.525921875 0.06743749999999996 0.07961718750000006
0 0.8748437499999999 0.513765625 0.08301562500000018 0.10218749999999996
3 0.154875 0.7862890625000001 0.085796875 0.09514062500000016
3 0.2826796875 0.7661093749999999 0.06276562500000002 0.08864062500000003
3 0.375984375 0.7533046875 0.061875000000000034 0.08647656250000005
3 0.47210937499999994 0.7418125 0.06401562500000005 0.0712890625
3 0.538296875 0.7680624999999999 0.07398437500000003 0.06910937500000003
3 0.639625 0.765890625 0.08133593749999993 0.06997656249999995
3 0.69778125 0.7520078125 0.06743749999999996 0.07346093749999998
3 0.8147343749999999 0.754609375 0.11644531250000015 0.08386718749999993