2 0.23053125 0.39584374999999994 0.11878124999999998 0.07105468750000003
2 0.33656250000000004 0.3872265625 0.09789583333333335 0.07164843750000002
2 0.47230208333333334 0.37653125000000004 0.08729166666666661 0.05977343749999999
2 0.6028854166666666 0.4201015625 0.09651041666666677 0.07560156249999998
2 0.7193437500000001 0.392671875 0.14877083333333327 0.09799218750000005
1 0.1995 0.5983671875 0.15655208333333334 0.044679687500000044
1 0.6042083333333333 0.611140625 0.1498541666666668 0.04764843750000001
1 0.7886666666666666 0.6285703125000001 0.1558750000000001 0.049226562499999994
3 0.17930208333333333 0.8408125 0.08921874999999997 0.058914062499999885
3 0.22961458333333334 0.811703125 0.08365625000000006 0.04823437499999983
3 0.3170208333333333 0.8008046875 0.05247916666666666 0.043085937500000074
3 0.36786458333333333 0.7884296875000001 0.07015625000000002 0.05042187499999997
3 0.43586458333333333 0.7999140625000001 0.06512499999999997 0.051999999999999956
3 0.5095416666666667 0.811703125 0.05084375000000006 0.0553593750000001
3 0.5754270833333333 0.8202187500000001 0.06059375000000008 0.04624999999999986
3 0.6469895833333333 0.8352656250000001 0.06744791666666666 0.06208593749999984
3 0.7726875 0.9655781250000001 0.13818750000000007 0.06362500000000004