3 0.14015277777777777 0.6274375 0.09693055555555559 0.0732421875
3 0.25416666666666665 0.601453125 0.07122222222222219 0.05407812500000002
3 0.31383333333333335 0.5935234375 0.06711111111111111 0.03071093749999996
3 0.45 0.5823046875 0.08587500000000006 0.05144531249999993
3 0.5376527777777778 0.5532265625 0.07431944444444444 0.034578124999999994
3 0.6337083333333333 0.5577890625 0.07626388888888884 0.04932812500000008
3 0.7350694444444444 0.5733515625 0.08880555555555564 0.05230468750000004
3 0.8358333333333333 0.5667421874999999 0.09347222222222216 0.04846874999999997
0 0.14294444444444446 0.48465625 0.10568055555555556 0.06258593749999992
0 0.30125 0.47446875000000005 0.028597222222222187 0.040335937500000085
0 0.34044444444444444 0.460265625 0.05027777777777784 0.03633593749999999
0 0.48230555555555554 0.457625 0.06372222222222222 0.034804687499999966
0 0.5244583333333334 0.42525781250000005 0.061277777777777785 0.043265625000000085
0 0.6685138888888889 0.43451562499999996 0.04911111111111113 0.029867187500000014
0 0.7054305555555556 0.44205468750000004 0.06622222222222215 0.0505859375
0 0.8815555555555556 0.444359375 0.0748194444444443 0.04768749999999997
2 0.22694444444444445 0.26053125 0.14690277777777774 0.07603124999999995
2 0.4171666666666667 0.25622656250000003 0.09695833333333326 0.06928906250000004
2 0.5978472222222222 0.245265625 0.11463888888888883 0.06051562500000003
2 0.8024722222222221 0.25989062500000004 0.1268472222222221 0.06536718749999997