2 0.3541666666666667 0.103515625 0.25347395833333336 0.12630078124999997
2 0.7230885416666666 0.10481640625 0.21354166666666666 0.10026171874999998
0 0.8463541666666666 0.60026171875 0.0850677083333333 0.08073046875000003
0 0.18229166666666666 0.55729296875 0.09722395833333332 0.09114453124999997
0 0.4652760416666667 0.57291796875 0.09375 0.10416796875000003
0 0.545140625 0.583984375 0.08333333333333333 0.07421875
1 0.3385416666666667 0.4765625 0.28472395833333336 0.09114453124999997
1 0.6927083333333334 0.49348828125 0.28472395833333336 0.08073046875000003
3 0.2526041666666667 0.87109375 0.13020833333333334 0.0703125
3 0.4166666666666667 0.88997265625 0.11458333333333333 0.09505078124999997
3 0.5581614583333334 0.90299609375 0.14409895833333336 0.08984375
3 0.7100677083333333 0.91341015625 0.1180572916666667 0.10546875