2 0.1979861111111111 0.31549218749999997 0.09630208333333333 0.034062500000000016
2 0.44005208333333334 0.32396875 0.12333333333333336 0.03844531250000003
2 0.7058333333333333 0.3224453125 0.10125000000000009 0.02853906249999998
0 0.09324652777777778 0.51515625 0.0620486111111111 0.05055468750000003
0 0.32536458333333335 0.5136328125 0.046336805555555555 0.04522656250000008
0 0.5852256944444444 0.518015625 0.04796874999999999 0.04484375000000007
0 0.8023263888888889 0.5256328124999999 0.055520833333333366 0.037226562500000074
3 0.7661458333333333 0.6728359375 0.09743055555555556 0.04592968749999997
3 0.6211979166666667 0.668546875 0.08434027777777785 0.04078906250000003
3 0.44937499999999997 0.662546875 0.0810069444444444 0.04592968749999997
3 0.3406076388888889 0.6595 0.09371527777777781 0.04440624999999994
3 0.27078125 0.6504609375 0.06920138888888891 0.03432031250000005
3 0.19374999999999998 0.6543593750000001 0.09121527777777781 0.03869531249999998