3 0.16758474576271187 0.6831367187499999 0.10296610169491525 0.04322265625000003
3 0.25021186440677967 0.670640625 0.11496610169491522 0.03321484375000008
3 0.34855932203389833 0.6630546875000001 0.07019491525423732 0.030882812499999978
3 0.4093389830508474 0.65434765625 0.07101694915254234 0.03273828124999998
3 0.4789830508474577 0.6476367187500001 0.07099999999999998 0.03643750000000008
3 0.5461949152542372 0.63596484375 0.08005084745762715 0.034500000000000065
3 0.5896694915254237 0.638203125 0.06483898305084745 0.026132812500000036
3 0.6963474576271187 0.6348476562500001 0.08780508474576262 0.03868359375000008
3 0.7550169491525424 0.63047265625 0.08441525423728805 0.029929687499999958
3 0.8934661016949152 0.6267265625 0.0733898305084745 0.03742187500000007
2 0.22234745762711866 0.32520703125 0.12426271186440678 0.055109374999999974
2 0.3924491525423729 0.32802734375 0.13011864406779658 0.04363281250000002
2 0.5116864406779661 0.36688671875 0.13640677966101697 0.037871093750000015
2 0.6518135593220339 0.37739062500000004 0.14733898305084736 0.046035156249999966
2 0.8298305084745763 0.350984375 0.09937288135593239 0.04245312500000002