3 0.1668671875 0.9431927083333334 0.10455078124999999 0.08388020833333343
3 0.67737890625 0.9584375 0.09171875000000007 0.08311979166666675
3 0.76484375 0.9610416666666667 0.06352343749999996 0.0779114583333334
1 0.230953125 0.5419531249999999 0.12074218749999996 0.10084895833333339
1 0.7028789062499999 0.5404583333333334 0.14011718749999993 0.09438020833333335
0 0.6737695312499999 0.3150677083333333 0.06106640624999997 0.08457291666666661
0 0.65767578125 0.3647708333333333 0.060125000000000026 0.07981250000000001
0 0.35291796875000003 0.32801041666666664 0.04957421875000003 0.061848958333333336
0 0.3313203125 0.37786458333333334 0.04543749999999998 0.08516666666666665
2 0.22284375 0.27112499999999995 0.1227578125 0.09043749999999993
2 0.68873828125 0.25338020833333336 0.10923046875000005 0.07230729166666663