3 0.31814602900428224 0.6473089171974522 0.09662528338551221 0.025228237791932173
3 0.3957940192162366 0.6464915074309978 0.0726388139191767 0.02523354564755831
1 0.3824822771600273 0.5089808917197451 0.08151714707258265 0.01614649681528668
0 0.2977293173557883 0.5113694267515922 0.04515167872179635 0.025010615711252626
2 0.298028716398575 0.42833333333333334 0.06349562776638236 0.02585987261146503
2 0.4555586742955846 0.20087579617834392 0.057242793911259894 0.012807855626326959
3 0.4809960775846558 0.4408545647558387 0.04067220842779518 0.016533970276008603
1 0.46117816402173517 0.4109925690021231 0.050736622404548466 0.015727176220806882
0 0.5167972938932671 0.24532377919320592 0.05189967253229709 0.023158174097664564
0 0.5928216200654934 0.3554989384288747 0.02999748101766885 0.019294055201698423
0 0.47714995141962646 0.3945594479830149 0.032979956097736414 0.021326963906581797
3 0.4555586742955846 0.32611464968152865 0.050137824318975066 0.02353503184713368
3 0.37686278743387663 0.2946868365180467 0.056079743783511556 0.028593418259023284
1 0.4596926841556011 0.23168259023354562 0.05842887473460724 0.008964968152866248