2 0.23170627999201657 0.39621495327102807 0.14405539791216512 0.060027258566978194
2 0.4813717578250418 0.42045950155763234 0.11578719010057364 0.05399922118380065
2 0.7370282630012409 0.41161214953271025 0.15966122580029338 0.06226246105919002
0 0.14842197519936828 0.6704906542056075 0.07929954268954087 0.06340342679127726
0 0.3462438931264589 0.6611721183800624 0.05378040420343808 0.039579439252336354
0 0.3939846753269292 0.6670093457943926 0.08447834500472935 0.05385124610591898
0 0.594222442055207 0.6637071651090343 0.04991365770268758 0.06281542056074763
0 0.6457536077196089 0.6708450155763239 0.06041704631244624 0.04853971962616832
0 0.8315795867718394 0.6640031152647976 0.07571047995904152 0.050428348909657396
3 0.18501375402424525 0.8822975077881618 0.1154609116705282 0.06905373831775705
3 0.3786287628320273 0.8457320872274143 0.0815348970400646 0.04784267912772577
3 0.6556391499405584 0.8672001557632398 0.06167356537283385 0.05443535825545176
3 0.7645883771986914 0.8521573208722742 0.11296175773826563 0.06329439252336436