3 0.15177083333333333 0.69075 0.06741145833333337 0.050453124999999946
3 0.20077083333333334 0.6889765625 0.05777083333333331 0.04690234375000006
3 0.271859375 0.68909375 0.05758854166666663 0.04193359374999996
3 0.35494270833333336 0.6889765625 0.039729166666666656 0.04690234375000006
3 0.41577604166666665 0.6845390625000001 0.05375520833333335 0.051046874999999936
3 0.49522916666666666 0.6875546875 0.04946875000000001 0.05447656250000001
3 0.5761822916666667 0.6921132812499999 0.0516510416666667 0.04536328125000004
3 0.6447447916666668 0.69370703125 0.053364583333333354 0.05636718750000007
3 0.70534375 0.69779296875 0.04261458333333342 0.041101562499999925
3 0.7874791666666667 0.70122265625 0.06452083333333339 0.05316796875000005
0 0.12755208333333334 0.54981640625 0.043276041666666654 0.03420703125000006
0 0.22838541666666667 0.5463828125 0.043557291666666664 0.048171875000000065
0 0.2538697916666667 0.5608203125 0.04939062500000002 0.040589843749999945
0 0.3630729166666667 0.5607578125 0.04556770833333334 0.04307421874999999
0 0.393765625 0.5472109374999999 0.0409791666666667 0.039414062500000034
0 0.5075364583333334 0.55336328125 0.05324999999999989 0.041304687499999916
0 0.5548802083333333 0.55726953125 0.043765625000000107 0.033492187499999916
0 0.6733125 0.5572109375000001 0.03410416666666668 0.03597656249999996
0 0.7055833333333333 0.5559101562500001 0.03267187500000001 0.038582031249999996
0 0.81628125 0.56697265625 0.0353177083333333 0.04248046875
2 0.16999479166666667 0.33112890625 0.10038541666666667 0.055167968750000004
2 0.311390625 0.3771015625 0.06372916666666661 0.05076171875000002
2 0.450015625 0.36799218749999996 0.07362500000000007 0.04295703125000001
2 0.608609375 0.3720703125 0.07830729166666663 0.05372265624999999
2 0.75165625 0.37816406249999995 0.11092708333333334 0.058097656250000004