2 0.31684375000000004 0.19271093749999996 0.19270833333333334 0.09375
2 0.6180520833333334 0.19140625 0.2048645833333334 0.078125
0 0.1328125 0.5787734375 0.08507291666666668 0.07942968750000005
0 0.4583333333333333 0.5794296875 0.04861458333333329 0.0625
0 0.5260416666666666 0.6015625 0.09375 0.0859375
0 0.7430520833333334 0.58984375 0.06944791666666675 0.09375
3 0.23263541666666668 0.8854140625 0.1319479166666667 0.0703125
3 0.35242708333333334 0.869140625 0.13194791666666664 0.08463281249999995
3 0.5572916666666666 0.8561171875 0.09721874999999992 0.07942968750000005
3 0.6892395833333332 0.8561171875 0.15971874999999994 0.10025781249999995
1 0.6276041666666666 0.49544531249999996 0.24132291666666675 0.07161718750000005
1 0.31596874999999996 0.49544531249999996 0.28471875 0.06640625