2 0.40268644067796616 0.54226953125 0.09239830508474574 0.036660156249999964
2 0.6069915254237288 0.535953125 0.07514406779661023 0.02253906249999993
2 0.8215 0.5333515625 0.09122033898305093 0.026257812499999922
0 0.35565254237288135 0.669265625 0.043483050847457676 0.030417968749999958
1 0.41801694915254234 0.66369140625 0.0649745762711865 0.013320312499999964
1 0.5901864406779661 0.6392851562499999 0.09800000000000009 0.01655078124999996
3 0.3392542372881356 0.8120156250000001 0.07521186440677965 0.030406250000000058
3 0.46290677966101695 0.8023515625 0.10313559322033902 0.025949218750000114
3 0.5037627118644068 0.7674765625 0.052593220338983004 0.026828124999999935
3 0.6091440677966101 0.773484375 0.06009322033898312 0.02323437500000001
3 0.8193559322033899 0.780546875 0.06756779661016951 0.03438281249999999
3 0.8895169491525424 0.7869257812500001 0.06594067796610165 0.030042968749999944