2 0.3234375 0.15 0.071875 0.08888888888888889
2 0.473828125 0.13194444444444445 0.08359375 0.09722222222222222
2 0.591015625 0.13819444444444445 0.08984375 0.09305555555555556
1 0.467578125 0.47638888888888886 0.11640625 0.075
1 0.58671875 0.4722222222222222 0.1125 0.06666666666666667
1 0.319921875 0.48333333333333334 0.12890625 0.058333333333333334
0 0.25625 0.5604166666666667 0.0546875 0.11805555555555555
0 0.384765625 0.5625 0.03046875 0.11944444444444445
0 0.647265625 0.5888888888888889 0.05078125 0.09166666666666666
0 0.540234375 0.5777777777777777 0.02421875 0.08055555555555556
0 0.512890625 0.5756944444444444 0.02734375 0.10138888888888889
0 0.419140625 0.5659722222222222 0.02734375 0.0763888888888889
3 0.434765625 0.8868055555555555 0.05078125 0.13194444444444445
3 0.28515625 0.9208333333333333 0.0796875 0.08055555555555556
3 0.359765625 0.9097222222222222 0.06015625 0.09722222222222222
3 0.487890625 0.8979166666666667 0.05234375 0.10694444444444444
3 0.559375 0.8645833333333334 0.0515625 0.1125
3 0.60703125 0.8763888888888889 0.0484375 0.1111111111111111