3 0.26550890154581264 0.8181412425311352 0.04884591421745377 0.044303374977912445
3 0.3254458131582949 0.8029790380953004 0.04311595802610851 0.08279526966446545
3 0.4127373786431582 0.7993769674282235 0.03156970383779512 0.05464885701009814
3 0.4437733331371019 0.797743470265247 0.028602685426386366 0.0633503707436469
3 0.5066066198654834 0.7945602450245742 0.03541583881554723 0.04798921473026998
3 0.5523677768456787 0.7944869470749536 0.04171879062602716 0.050847834765479175
3 0.6162293159864797 0.8035235371496259 0.02813957937804458 0.05994725165411227
3 0.6478696631197844 0.8107276784837795 0.044332592559887446 0.05640800780099606
0 0.2469140163166389 0.6078284827978874 0.04528235242174042 0.054491789975196395
0 0.3449590612290952 0.6048337379990968 0.030572848445602287 0.06048127957277774
0 0.38934659857437903 0.6053154102394618 0.02740174940272074 0.07039744504289898
0 0.47776845678739793 0.6069489074024385 0.03603592996502185 0.06169593130935022
0 0.4926427951197256 0.5961322242655478 0.03888520955058112 0.0670047970890243
0 0.5681212317443497 0.6018494643359663 0.030604245465828746 0.06646029803469865
0 0.5866140766577871 0.6240063873927525 0.03844565126740944 0.06291058304592248
0 0.6811505045599265 0.633933023998534 0.03688364951113856 0.06481632973606194
2 0.29812255630614054 0.31981989646664616 0.06921473108942755 0.06785295907749292
2 0.4382160605570027 0.3757043474846369 0.060101745968671516 0.05395776205653104
2 0.5306645866140767 0.3504793816794392 0.05660097821341135 0.06634511554243756
2 0.6551616210674005 0.39262570271136965 0.05218184761652467 0.060879182727861726