2 0.7254987956299271 0.3380710859222125 0.08746424909610918 0.08376908528085546
2 0.6251382204757628 0.3440501043841336 0.0616715969799991 0.05085830590113949
2 0.5365515279065546 0.324605205463315 0.07512522014707548 0.0718005772213532
2 0.4350763585343478 0.3590133572424264 0.07401062592903293 0.06880583242256265
2 0.33696067032638183 0.3388145365540801 0.0818598809856702 0.0643241863600369
2 0.24893127486619468 0.3672331987356103 0.08521936214991085 0.05833469676245579
3 0.2551007893407116 0.7905707423380737 0.04597308686672457 0.05833469676245567
3 0.31733753268478865 0.773366666448518 0.04261360570248374 0.05085830590113937
3 0.34088529785470045 0.762895530788411 0.049340417286021926 0.056847795498720474
3 0.37788668619168864 0.746445376666383 0.04934041728602197 0.056847795498720474
3 0.4188127020569954 0.7471888272982506 0.04597308686672452 0.06132944156124623
3 0.4636633454506208 0.7240057329467738 0.039246275283186464 0.056847795498720474
3 0.507956691735225 0.7135345972866668 0.04709553033982369 0.05983206916185107
3 0.5488905568555884 0.7202675375161156 0.04597308686672448 0.04637665983861362
3 0.5858919451925765 0.7270004777455643 0.037001388336988225 0.05983206916185107
3 0.6391569900069171 0.7262465559780368 0.0403687187562855 0.05833469676245567
3 0.6884895580378824 0.7247491835786414 0.04261360570248374 0.06132944156124623
3 0.7316604608493874 0.7277439283774321 0.04597308686672448 0.05235567830053476
0 0.7529711883281577 0.5691795210764328 0.032519463699648275 0.05833469676245567
0 0.6705540102334662 0.560205757815721 0.058312115815758354 0.06432418636003695
0 0.6980264029316967 0.47344192773607496 0.06616137087239558 0.04936093350174409
0 0.6425164711711578 0.47867749556612843 0.03812383181008726 0.06282681396064162
0 0.5780426901359392 0.5482372497562189 0.04597308686672448 0.07629269441953904
0 0.5040320642069063 0.5385200358636396 0.030274576753449856 0.08676383007964607
0 0.477682114981775 0.5729177165070909 0.03587894486388902 0.08077434048206496
0 0.41937784842107323 0.5848862245665931 0.0336419071727473 0.05385305069992992
0 0.3896605687766445 0.5781532843371443 0.01906584053257189 0.06432418636003702
0 0.3251867877414259 0.6005929280567536 0.020180434750614484 0.06731893115882732
0 0.31452749937451246 0.6125614361162557 0.04597308686672457 0.11518249226117638
0 0.23043058069770062 0.6312628844052067 0.04372819992052633 0.07779006681893443