2 0.2604166666666667 0.3463515625 0.16898611111111114 0.06510156250000003
2 0.4884305555555556 0.2942734375 0.17129166666666673 0.0546875
2 0.7048611111111112 0.3352890625 0.14583333333333334 0.04296875
0 0.17129166666666668 0.509765625 0.04629166666666668 0.048179687500000054
0 0.34837500000000005 0.5071640625 0.0763888888888889 0.045570312499999946
0 0.4317083333333333 0.5162734375 0.07176388888888884 0.048179687500000054
0 0.5613472222222222 0.5143203125 0.05787499999999994 0.044273437500000054
0 0.6192083333333334 0.533203125 0.0625 0.05078125
0 0.7824027777777778 0.5286484375 0.06018055555555545 0.0546875
3 0.7662083333333333 0.673828125 0.10648611111111121 0.05859375
3 0.6377361111111112 0.6705703125 0.0763888888888889 0.046875
3 0.509263888888889 0.6588515625 0.06481944444444439 0.052085937500000054
3 0.4247638888888889 0.662109375 0.05787499999999994 0.048179687500000054
3 0.3125 0.66015625 0.07870833333333335 0.059898437500000054
3 0.19559722222222223 0.6477890625 0.14583333333333334 0.055992187500000054