2 0.7545652173913043 0.15103906250000002 0.07876181474480144 0.12239843750000001
2 0.7514177693761814 0.35221093749999993 0.0913705103969755 0.11328125
2 0.7356616257088847 0.5716171875 0.05671077504725898 0.0859375
2 0.753780718336484 0.7421875 0.0645841209829867 0.0859375
2 0.7199149338374291 0.9075546875 0.07876181474480144 0.09375
1 0.44187145557655955 0.146484375 0.07403591682419663 0.15494531250000004
1 0.4229678638941399 0.3489609375 0.08348771266540647 0.15364843749999996
1 0.45447069943289226 0.5690078125 0.05198487712665406 0.1328125
1 0.45447069943289226 0.7298203125 0.045680529300567145 0.07942968750000005
1 0.4276937618147448 0.9095078125 0.036228733459357315 0.12109375
0 0.34262759924385633 0.05078125 0.08664461247637047 0.07552343750000001
0 0.35522684310018904 0.2395859375 0.08664461247637047 0.06510156250000003
0 0.3568052930056711 0.44075781249999996 0.11814744801512288 0.045570312499999946
0 0.3568052930056711 0.5013046875 0.10869565217391304 0.044273437500000054
0 0.3709829867674858 0.6451796875 0.08664461247637047 0.045570312499999946
0 0.39224952741020797 0.7063828125 0.07561436672967864 0.05859375
0 0.38910207939508507 0.771484375 0.09766540642722121 0.06380468750000005
0 0.3568052930056711 0.8431015625 0.07719281663516064 0.04296875
0 0.36231568998109637 0.9713515625 0.0945179584120983 0.044273437500000054
3 0.08034026465028356 0.9348984375 0.11656899810964082 0.06771093750000005
3 0.10396975425330812 0.8645859375 0.09766540642722116 0.057289062499999946
3 0.09057655954631379 0.76953125 0.10869565217391304 0.06771093750000005
3 0.07482986767485823 0.69140625 0.11814744801512288 0.052085937500000054
3 0.09530245746691872 0.6236953125 0.0866446124763705 0.06771093750000005
3 0.08585066162570888 0.5234375 0.10554820415879015 0.046875
3 0.07246691871455577 0.390625 0.11027410207939507 0.049476562499999946
3 0.0500945179584121 0.303515625 0.1001890359168242 0.07421875
3 0.06458412098298677 0.185546875 0.08821361058601135 0.05078125
3 0.027570888468809077 0.0885390625 0.05513232514177693 0.05989843749999999