3 0.11034722222222222 0.73390625 0.10253472222222222 0.03832031249999997
3 0.19723958333333333 0.7385937499999999 0.06430555555555555 0.03518749999999997
3 0.3440798611111111 0.7448515625 0.05907986111111106 0.03049999999999997
3 0.47527777777777774 0.7538437499999999 0.060815972222222174 0.03128124999999997
3 0.5969270833333333 0.7475859375 0.08515624999999992 0.039101562499999964
3 0.71421875 0.7561953124999999 0.1146874999999999 0.040664062499999966
3 0.8167534722222222 0.753453125 0.09383680555555547 0.03832031249999997
3 0.9436111111111111 0.7561953124999999 0.11121527777777768 0.03596874999999997
2 0.15204861111111112 0.42774999999999996 0.11991319444444443 0.048484374999999955
2 0.3805729166666667 0.4297109375 0.13206597222222222 0.03049999999999997
2 0.6195138888888888 0.3999921875 0.11295138888888899 0.043007812499999964
2 0.8315277777777778 0.4308828125 0.13380208333333343 0.03753906249999996