2 0.2708333333333333 0.4264375 0.13889583333333336 0.05859375
2 0.5147604166666667 0.444015625 0.11632291666666662 0.0546875
1 0.2560729166666667 0.6516953125 0.24826041666666665 0.08463281249999995
1 0.5329895833333333 0.6705703125 0.2013854166666667 0.059898437500000054
3 0.5651041666666666 0.8919296875 0.0920104166666666 0.06510156249999995
3 0.47309375000000004 0.8958359375 0.08507291666666662 0.07291406249999995
3 0.3333333333333333 0.9192734375 0.10416666666666667 0.07552343750000005
3 0.19965624999999998 0.9348984375 0.12153125000000002 0.078125
0 0.15625 0.7181015625 0.0625 0.053382812499999946
0 0.40798958333333335 0.6861953125 0.04861458333333329 0.049476562499999946
0 0.6189270833333332 0.6868515625 0.05034374999999992 0.04296875