3 0.19791406250000004 0.7800972222222222 0.034671875 0.04237499999999999
3 0.26328125 0.7788055555555555 0.036835937499999985 0.03723611111111103
3 0.30409375 0.7743194444444444 0.034671875 0.048791666666666816
3 0.3340703125 0.7781666666666667 0.044062499999999984 0.046222222222222185
3 0.3795703125 0.7845833333333333 0.03250781250000001 0.051361111111111135
3 0.4081015625 0.7955 0.02022656250000008 0.05265277777777789
3 0.43266406249999995 0.8070555555555556 0.046226562500000054 0.057791666666666526
3 0.4810546875 0.8288888888888888 0.03322656249999998 0.07062499999999987
3 0.5189765625 0.8577777777777779 0.025281249999999922 0.06163888888888904
3 0.560875 0.8674166666666666 0.03539062499999997 0.06548611111111123
3 0.60240625 0.88025 0.04478124999999995 0.07576388888888883
3 0.6486328125 0.8956666666666666 0.027445312500000086 0.07833333333333346
3 0.6778906250000001 0.8937361111111112 0.05561718750000004 0.048791666666666816
3 0.7244765625 0.9515277777777779 0.049117187499999916 0.06677777777777767
0 0.18671875 0.5579444444444445 0.013726562499999994 0.03466666666666672
0 0.1957421875 0.5617916666666667 0.02022656249999999 0.04494444444444446
0 0.26978125 0.5662916666666666 0.015171874999999968 0.033388888888888836
0 0.2903671875 0.5765694444444445 0.025999999999999978 0.05649999999999993
0 0.348515625 0.5759166666666667 0.023835937499999994 0.05522222222222221
0 0.36512500000000003 0.588125 0.022390624999999977 0.05649999999999993
0 0.41713281249999995 0.59775 0.023835937499999994 0.0629166666666666
0 0.4835859375 0.6099444444444445 0.02672656250000003 0.07191666666666663
0 0.5847109374999999 0.6170138888888889 0.031062499999999993 0.0783333333333333
0 0.6573046875 0.6324166666666666 0.04767187499999999 0.09116666666666665
0 0.7320625 0.6940555555555556 0.03972656249999993 0.07062499999999987
2 0.23619531249999998 0.2773611111111111 0.05489843749999999 0.06934722222222223
2 0.323953125 0.30240277777777774 0.03972656250000002 0.07576388888888891
2 0.40160156249999995 0.32295833333333335 0.046226562500000054 0.057791666666666686
2 0.46841406250000006 0.34220833333333334 0.04695312499999993 0.06548611111111108
2 0.5438984375 0.353125 0.05345312500000006 0.06934722222222216
2 0.6356328125 0.2844305555555555 0.05345312500000006 0.07062500000000003
2 0.716890625 0.3113888888888889 0.06428906249999997 0.09116666666666665