2 0.18557291666666667 0.45657812499999995 0.11086805555555553 0.02530468750000008
2 0.2948263888888889 0.43525 0.08515625000000002 0.027476562500000058
2 0.40888888888888897 0.430546875 0.08836805555555552 0.031085937499999973
2 0.5366319444444445 0.4319921875 0.10282986111111114 0.031085937499999973
2 0.6490972222222222 0.44283593750000005 0.08996527777777787 0.03253125000000008
2 0.8370659722222222 0.4291015625 0.13496527777777778 0.03832031249999997
3 0.17031249999999998 0.6608203125000001 0.05140625000000002 0.04338281249999998
3 0.2393923611111111 0.6539531249999999 0.05784722222222221 0.022414062500000043
3 0.2892013888888889 0.6474453125 0.04498263888888893 0.028195312499999937
3 0.3406076388888889 0.6445546875 0.05140625000000002 0.03542968749999993
3 0.3960416666666667 0.6449140625 0.04980902777777777 0.030367187499999913
3 0.4442361111111111 0.64346875 0.046597222222222276 0.024578125000000027
3 0.51171875 0.6492578124999999 0.05623263888888887 0.018796874999999956
3 0.579201388888889 0.6510625 0.046597222222222276 0.02385937499999997
3 0.6490972222222222 0.6449140625 0.06748263888888889 0.020242187500000064
3 0.7358506944444445 0.648890625 0.07069444444444449 0.020968749999999935
3 0.8025347222222222 0.6478046875000001 0.06907986111111104 0.04338281249999998
3 0.8860763888888888 0.6474453125 0.07873263888888873 0.029640625000000042
0 0.9206249999999999 0.5465859375 0.05461805555555562 0.05494531249999994
0 0.7463020833333334 0.5433359375 0.07552083333333333 0.05422656250000006
0 0.6330208333333334 0.5512890625 0.05784722222222231 0.049890624999999925
0 0.5872395833333334 0.5505625000000001 0.030520833333333403 0.049890624999999925
0 0.47236111111111106 0.54478125 0.061059027777777705 0.029640625000000042
0 0.14059027777777777 0.56321875 0.08515624999999998 0.01590624999999992