3 0.39757291666666666 0.5377578125 0.041666666666666664 0.0390625
3 0.3307291666666667 0.5481796875 0.07117708333333338 0.06510156249999995
3 0.47221874999999996 0.5266953125 0.0625 0.037757812499999946
3 0.53471875 0.5279921875 0.0625 0.03515625
3 0.60503125 0.513671875 0.05034374999999992 0.029945312499999942
2 0.6197916666666666 0.294921875 0.07291666666666667 0.04036718749999997
2 0.48090625000000004 0.2786484375 0.08333333333333333 0.04166406250000003
2 0.33767708333333335 0.2708359375 0.07117708333333338 0.049484375000000025
0 0.28211458333333334 0.435546875 0.08507291666666662 0.037757812499999946
0 0.4036458333333333 0.42513281249999996 0.046875 0.053382812499999946
0 0.44357291666666665 0.43359375 0.03992708333333338 0.057289062499999946
0 0.5373229166666668 0.41666406250000004 0.026041666666666668 0.0625
0 0.5642395833333332 0.42838281250000004 0.041666666666666664 0.057289062499999946
0 0.65278125 0.41341406249999996 0.03471874999999992 0.061195312499999946