2 0.508508404272859 0.5103504672897196 0.08675535192079077 0.0416744548286605
2 0.6639488367653311 0.5056931464174454 0.08291637379706526 0.02976246105918996
0 0.4626975242756358 0.6892640186915887 0.05945903730507904 0.044096573208722664
0 0.5917510564999696 0.684863707165109 0.03694582563194754 0.03791666666666664
0 0.6261283072570917 0.6771066978193147 0.03620996364078134 0.030272585669781905
0 0.7423042546360173 0.6696144859813085 0.04673417853330902 0.030280373831775797
1 0.5228715972891123 0.6604828660436136 0.15041435625092203 0.039003115264797474
1 0.6826577807860185 0.6334384735202493 0.1465962044099653 0.035887850467289616
3 0.4769704700665574 0.8326635514018692 0.07464139744357373 0.046051401869159035
3 0.5703694061906126 0.8202297507788161 0.0797091262506616 0.04367601246105908
3 0.6424630550421299 0.8150545171339564 0.07154522340527081 0.03632398753894073
3 0.7289407231926691 0.8067095015576324 0.10018136221244547 0.04211838006230515