2 0.3402777777777778 0.3098984375 0.125 0.0390625
2 0.18981944444444443 0.3177109375 0.1157361111111111 0.046875
2 0.6388888888888888 0.3177109375 0.13426388888888882 0.0546875
2 0.8414305555555556 0.3151015625 0.13194444444444445 0.0390625
0 0.8981527777777777 0.46549218750000004 0.05555555555555555 0.04296875
0 0.6851805555555555 0.45703125 0.08333333333333333 0.028648437500000058
0 0.5520833333333334 0.45052343749999996 0.0763888888888889 0.041664062499999946
0 0.4583333333333333 0.423828125 0.07406944444444451 0.032554687500000054
0 0.35184722222222226 0.44075781249999996 0.06944444444444445 0.040367187500000054
0 0.2881944444444444 0.486328125 0.0625 0.032554687500000054
0 0.15856944444444446 0.48697656250000004 0.08565277777777776 0.028648437500000058
3 0.1527777777777778 0.6048203125 0.10648611111111113 0.040367187500000054
3 0.2951388888888889 0.6041640625 0.08101388888888887 0.026039062499999942
3 0.3263888888888889 0.58203125 0.06481944444444439 0.033851562499999946
3 0.4305555555555556 0.5891953125 0.12962500000000005 0.045570312499999946
3 0.5925972222222222 0.5729140625 0.08795833333333339 0.044273437500000054
3 0.6747638888888888 0.580078125 0.07176388888888884 0.040367187500000054
3 0.7789305555555556 0.5696640625 0.05323611111111101 0.037757812499999946
3 0.8483750000000001 0.5729140625 0.08101388888888879 0.036460937500000054