3 0.4865078125 0.9114583333333334 0.06675781250000004 0.07418402777777781
3 0.446375 0.8759548611111111 0.04474218749999999 0.06628472222222213
3 0.5387109375 0.8814756944444445 0.046164062499999936 0.08680555555555555
3 0.5770625 0.9280381944444444 0.07883593750000006 0.08206597222222219
3 0.647015625 0.8869965277777778 0.03692968749999999 0.10732638888888897
3 0.6949609375 0.9280381944444444 0.08025781250000001 0.0852256944444443
0 0.50675 0.5539756944444444 0.03764062500000005 0.09154513888888892
0 0.6090234375 0.5744965277777778 0.019179687499999966 0.0852256944444445
0 0.6281953125 0.5492361111111111 0.03338281250000001 0.0883854166666666
0 0.720171875 0.5681770833333333 0.038351562499999936 0.09154513888888892
2 0.46803906250000005 0.10890625 0.08238281250000004 0.11362847222222222
2 0.5593046875 0.15940972222222222 0.08025781250000001 0.13572916666666668
2 0.6672578125 0.10100694444444445 0.0859375 0.1420486111111111