2 0.10149999999999999 0.41815625 0.08806250000000002 0.05075000000000003
2 0.248875 0.427546875 0.07879166666666665 0.04310156250000006
2 0.3874583333333333 0.3931328125 0.0723020833333333 0.036843749999999974
2 0.48709375 0.39834375 0.05097916666666672 0.036148437499999984
2 0.5737708333333333 0.42163281250000006 0.06859374999999991 0.05909375000000008
2 0.666 0.38375000000000004 0.06766666666666671 0.03753906249999996
2 0.7192916666666667 0.3691484375 0.051906249999999925 0.03336718750000003
2 0.8346979166666666 0.3694921875 0.07508333333333325 0.04240624999999998
3 0.05283333333333333 0.7428125 0.059322916666666656 0.03267187499999995
3 0.13996875 0.7264765625 0.05561458333333332 0.03058593750000007
3 0.21272916666666666 0.718828125 0.06952083333333334 0.034757812500000006
3 0.27390624999999996 0.71709375 0.052833333333333364 0.029890624999999994
3 0.3517708333333333 0.7097890625 0.04727083333333333 0.04310156250000006
3 0.40320833333333334 0.7042265624999999 0.05190625000000004 0.03892968749999994
3 0.45651041666666664 0.6858046875 0.06210416666666667 0.03962500000000002
3 0.5028541666666667 0.70875 0.0546875 0.047968750000000074
3 0.5241770833333333 0.68615625 0.06025000000000003 0.027804687499999935
3 0.5858125 0.7125703125 0.057468750000000075 0.04171093750000008
3 0.6530208333333333 0.6826796875000001 0.05097916666666672 0.045882812500000016
3 0.7072395833333334 0.6541796875 0.0333645833333333 0.03058593750000007
3 0.7410729166666666 0.6684296875 0.07879166666666677 0.03128124999999997
3 0.7688854166666667 0.6461796875 0.04727083333333345 0.029890624999999994
3 0.8305208333333333 0.6541796875 0.057468750000000075 0.04032031249999992
3 0.8787187500000001 0.670515625 0.04634375000000001 0.04379687499999996