2 0.18326041666666668 0.35396875 0.09811458333333332 0.054976562500000006
2 0.33381249999999996 0.3628515625 0.09923958333333331 0.05075000000000003
2 0.4719583333333333 0.33240625 0.10939583333333332 0.05920312499999998
2 0.6349166666666667 0.35650781249999997 0.10150000000000006 0.053289062500000026
2 0.7696875 0.348046875 0.08683333333333323 0.06512500000000002
1 0.6264583333333333 0.5358203125000001 0.14773958333333326 0.04144531249999996
1 0.78153125 0.533703125 0.1488645833333334 0.054132812499999974
3 0.1584479166666667 0.7696875000000001 0.04848958333333334 0.05920312499999998
3 0.21483333333333335 0.745578125 0.07330208333333334 0.03636718749999997
3 0.2864479166666667 0.7269687499999999 0.07442708333333338 0.053289062500000026
3 0.384 0.71978125 0.04848958333333329 0.05751562500000009
3 0.44940625 0.7096328125 0.08683333333333335 0.06258593749999992
3 0.5176354166666667 0.724015625 0.0766875 0.052437499999999915
3 0.60390625 0.726546875 0.0981145833333334 0.04736718750000009
3 0.6693125 0.731625 0.06879166666666663 0.05751562499999992
3 0.7499479166666667 0.7354296875 0.10374999999999991 0.05497656250000009
3 0.8283333333333334 0.7527734374999999 0.053000000000000116 0.054132812499999974