2 0.255859375 0.35482291666666665 0.103515625 0.10286458333333333
2 0.4301796875 0.3450520833333333 0.0888671875 0.09375
2 0.5883828125 0.3984375 0.0849609375 0.07291666666666667
2 0.7348671875 0.39258333333333334 0.0810546875 0.08203125
0 0.16553125 0.7838541666666666 0.0654296875 0.09375
0 0.3125 0.7558645833333333 0.033203125 0.08984375
0 0.3344765625 0.7578125 0.0576171875 0.08333333333333333
0 0.478515625 0.7578125 0.029296875 0.078125
0 0.5078125 0.7630208333333334 0.037109375 0.08333333333333333
0 0.6259765625 0.7766979166666667 0.041015625 0.07421875
0 0.7890625 0.7636770833333333 0.048828125 0.08463541666666667