0 0.18590277777777778 0.5729140625 0.1461284722222222 0.052085937500000054
0 0.4361979166666667 0.576171875 0.10850694444444445 0.05859375
0 0.6814236111111112 0.581703125 0.06944444444444445 0.057945312500000054
0 0.9078472222222221 0.5947265625 0.0795659722222221 0.068359375
2 0.319375 0.3639296875 0.1743402777777778 0.06380468749999997
2 0.5432638888888889 0.345703125 0.16637152777777786 0.05078125
2 0.8369444444444444 0.351234375 0.18085069444444438 0.05794531249999997
3 0.2021875 0.7524453125 0.11357638888888887 0.0419921875
3 0.3291319444444445 0.7408828125 0.1374479166666667 0.052085937500000054
3 0.45682291666666663 0.73746875 0.10199652777777778 0.043296875000000054
3 0.6018576388888889 0.732421875 0.1359895833333334 0.06640625
3 0.6944444444444444 0.7426796875 0.13020833333333334 0.0458984375
3 0.8818055555555556 0.7591171875 0.14901041666666673 0.049476562499999946