2 0.587890625 0.1486111111111111 0.06953125 0.08611111111111111
2 0.45390625 0.1326388888888889 0.06875 0.08194444444444444
2 0.30234375 0.14097222222222222 0.0890625 0.09027777777777778
0 0.24609375 0.5423611111111111 0.0359375 0.08194444444444444
0 0.378515625 0.5208333333333334 0.02578125 0.10277777777777777
0 0.402734375 0.4986111111111111 0.02578125 0.08055555555555556
0 0.49296875 0.5083333333333333 0.0203125 0.08611111111111111
0 0.518359375 0.5409722222222222 0.03671875 0.09583333333333334
0 0.628515625 0.5493055555555556 0.02890625 0.08472222222222223
1 0.312109375 0.4534722222222222 0.11015625 0.0375
1 0.446484375 0.44722222222222224 0.08984375 0.07222222222222222
1 0.56953125 0.45208333333333334 0.1078125 0.06805555555555555
3 0.6015625 0.8201388888888889 0.05 0.09583333333333334
3 0.545703125 0.8055555555555556 0.05390625 0.07777777777777778
3 0.4734375 0.8097222222222222 0.053125 0.09166666666666666
3 0.42734375 0.8229166666666666 0.0421875 0.09583333333333334
3 0.358984375 0.8340277777777778 0.06328125 0.07083333333333333
3 0.283203125 0.8576388888888888 0.07734375 0.0763888888888889