2 0.2798049460118426 0.15174964800996857 0.19738070358760013 0.10204031573628468
2 0.5271055381400208 0.18903360952899562 0.17182863113897595 0.06933246991527708
2 0.7674399164054335 0.15240898543472606 0.18808777429467077 0.07718172497191439
0 0.38198537095088814 0.36760416206749374 0.07662835249042146 0.06540784238695851
0 0.23685127133402994 0.4297467143508911 0.09752699407871819 0.06410486604755668
0 0.7430581678857541 0.4382474575772293 0.10681992337164749 0.06018023851923802
0 0.6629467084639498 0.40096349605820214 0.048763497039359054 0.056255610990919365
0 0.6072169975618251 0.3872272997090869 0.10913270637408566 0.05494478539646095
3 0.1880877742946708 0.6070064412949309 0.09288749564611633 0.06540784238695842
3 0.34831069313827934 0.6155150337763255 0.24614420062695913 0.05886941292477952
3 0.4202995471960989 0.5259000887946977 0.08823406478578891 0.04709553033982369
3 0.5027237896203413 0.5389847969741121 0.053402995471961076 0.07587874863251264
3 0.6292859630790665 0.5605702483798647 0.13932427725531163 0.06148321485863981
3 0.7511947056774642 0.5978542098988917 0.2205921281783351 0.06018023851923802