3 0.16348958333333333 0.6998671875 0.11862847222222224 0.045570312499999946
3 0.3269618055555556 0.7076796875 0.12730902777777775 0.037757812499999946
3 0.47164930555555556 0.7181015625 0.10994791666666674 0.04296875
3 0.5902777777777778 0.7298203125 0.08102430555555548 0.04296875
3 0.7233854166666667 0.7239609375 0.09258680555555562 0.041664062499999946
3 0.8564756944444443 0.7317734375 0.10416666666666667 0.041664062499999946
0 0.10560763888888888 0.556640625 0.0954861111111111 0.06380468750000005
0 0.3342013888888889 0.5618515625 0.06076388888888889 0.053382812499999946
0 0.3891840277777778 0.5631484375 0.078125 0.040367187500000054
0 0.6148784722222222 0.5703125 0.08390625000000007 0.044273437500000054
2 0.2300347222222222 0.353515625 0.1533506944444444 0.05338281250000003
2 0.5107118055555556 0.3385390625 0.13020833333333334 0.05208593749999997
2 0.8087326388888889 0.3450546875 0.14178819444444438 0.04947656250000003