3 0.11950877192982456 0.6469765625 0.09678947368421055 0.02550781250000007
3 0.24394736842105266 0.6465390625 0.09284210526315792 0.019351562499999985
3 0.2785263157894737 0.6562109375 0.07110526315789469 0.03166406249999998
3 0.6054385964912281 0.8149843750000001 0.20345614035087725 0.03958593750000006
0 0.3832105263157895 0.53834375 0.08691228070175443 0.02463281249999998
0 0.6271754385964913 0.61575 0.11259649122807029 0.040460937499999974
2 0.22124561403508772 0.4253046875 0.090859649122807 0.03782812500000006
2 0.3940877192982456 0.45697656249999996 0.10864912280701755 0.029031250000000064
2 0.6755614035087719 0.447734375 0.11061403508771922 0.05278124999999996
2 0.7851929824561403 0.4433359375 0.07703508771929819 0.028148437499999977
2 0.6419824561403509 0.3514140625 0.09482456140350869 0.02726562499999998