3 0.4215586854460094 0.6393458333333333 0.058528951486697976 0.05335000000000001
3 0.45417840375586854 0.6555041666666667 0.06534585289514867 0.04122083333333322
3 0.5001690140845071 0.6697041666666667 0.05300156494522691 0.027962500000000112
3 0.5492895148669796 0.6777208333333333 0.07612519561815333 0.024545833333333357
3 0.6164319248826292 0.6885749999999999 0.05182472613458525 0.0407
3 0.6767449139280124 0.6970958333333332 0.063943661971831 0.043849999999999945
3 0.7234929577464788 0.7265666666666666 0.10319248826291062 0.05557083333333335
3 0.800018779342723 0.7463208333333333 0.10184037558685449 0.05896666666666661
0 0.37878560250391236 0.5216458333333334 0.060632237871674405 0.043950000000000065
0 0.44090140845070425 0.5366 0.03879812206572775 0.03674999999999997
0 0.5509984350547731 0.5538291666666667 0.04615962441314551 0.03509999999999991
0 0.66716744913928 0.5544625 0.04896400625978083 0.036362500000000075
0 0.8052331768388106 0.5814041666666666 0.09140532081377155 0.07080416666666664
2 0.39215649452269175 0.34814583333333327 0.08319248826291092 0.037620833333333346
2 0.5069921752738653 0.36354166666666665 0.10003755868544598 0.05730416666666667
2 0.6224037558685446 0.3544541666666667 0.09298278560250393 0.05024166666666661
2 0.7522253521126762 0.3310416666666667 0.10640375586854454 0.061741666666666715