3 0.2716640625 0.7978298611111111 0.04900781250000001 0.08048611111111113
3 0.307171875 0.8088715277777778 0.04190624999999999 0.08364583333333325
3 0.3512109375 0.8080729166666667 0.04900781250000001 0.06944444444444445
3 0.3831640625 0.84359375 0.034804687499999966 0.08048611111111113
3 0.4339453125 0.8719965277777777 0.055398437500000064 0.11206597222222214
3 0.4840234375 0.8956770833333333 0.04048437499999995 0.0994270833333333
0 0.2468046875 0.5326736111111111 0.02628124999999999 0.05524305555555564
0 0.3114375 0.5326736111111111 0.0234375 0.06470486111111108
0 0.3313203125 0.5381944444444444 0.022015624999999962 0.07576388888888887
0 0.3923984375 0.5452951388888888 0.030539062499999936 0.06470486111111108
0 0.419390625 0.5358333333333333 0.027695312500000034 0.08048611111111113
0 0.49680468749999995 0.5602951388888889 0.0234375 0.09154513888888892
2 0.2808984375 0.16256944444444443 0.05326562499999996 0.11362847222222225
2 0.364703125 0.17835069444444446 0.04900781250000001 0.11362847222222225
2 0.462359375 0.0954861111111111 0.059656249999999925 0.11206597222222224