3 0.2575576061734391 0.7290528203349453 0.048076687221903384 0.03926675872540107
3 0.32083830044004885 0.7205502581789386 0.03139702022654915 0.04057565068291437
3 0.3752964320229983 0.7316706042499721 0.03237817710862876 0.03664897481037424
3 0.40619894918097926 0.7153146903488852 0.023547765169911843 0.04842900242799463
3 0.4248409299404928 0.7244769340514787 0.03139702022654907 0.053664570258048064
3 0.4724309633488846 0.7310213938390455 0.034340490872788065 0.03795786676788754
3 0.4994088529785469 0.7284036099240186 0.03532164775486767 0.04057565068291437
3 0.5357116576154944 0.7323302857965588 0.03335933399070846 0.0458112185129678
3 0.5690709916062029 0.7460684157826192 0.04513321657566429 0.04973789438550793
3 0.6107740837221167 0.7611259088618529 0.034340490872788065 0.05628235417307466
3 0.677979405517045 0.7840262825505069 0.05298247163230169 0.041884542640427666
3 0.7236071251612776 0.7925393158421737 0.0539636285143813 0.06413570591815491
0 0.24136459299159635 0.5641324336882612 0.03335933399070846 0.044502326555454504
0 0.3272197448010949 0.5543209795747409 0.01667966699535423 0.03534008285286094
0 0.3483106931382793 0.5798391371784216 0.021585451405752538 0.044502326555454504
0 0.4120858904734572 0.5732946773908547 0.027472392698230454 0.04973789438550793
0 0.47341212023096424 0.5785302452209081 0.02452892205199145 0.05235567830053476
0 0.523451121217027 0.5746035693483681 0.03237817710862885 0.041884542640427666
0 0.5420931019765405 0.5713365750224147 0.028453549580310062 0.03795786676788754
0 0.6303972213637099 0.5746035693483681 0.03237817710862885 0.044502326555454504
0 0.6549261434157014 0.5857343865550617 0.03237817710862885 0.06937127374820835
0 0.7486227010267806 0.6020903004561489 0.03335933399070846 0.060209030045614786
2 0.2717804563360658 0.3520919365710957 0.056907099160620304 0.05759124613058819
2 0.3802022164333966 0.36584053769281616 0.04611437345774404 0.037957866767887656
2 0.4390716293581762 0.3592960779052493 0.04415205969358468 0.053664570258048064
2 0.5082392649172639 0.38219645159390314 0.04513321657566429 0.05759124613058819
2 0.5788825604269994 0.33769412503844864 0.05494478539646091 0.047120110470481216
2 0.7015271706869569 0.3383538065850354 0.05494478539646091 0.04319343459794108