3 0.28298958333333335 0.7923203125 0.06596875000000005 0.03515625
3 0.359375 0.7923203125 0.06596875000000005 0.045570312499999946
3 0.43663541666666666 0.7864609375 0.057291666666666664 0.041664062499999946
3 0.5052083333333334 0.787109375 0.052083333333333336 0.048179687500000054
3 0.609375 0.7884140624999999 0.06596874999999992 0.048179687500000054
3 0.7005208333333334 0.8001328125 0.08159374999999992 0.04296875
0 0.24485416666666668 0.640578125 0.05205208333333336 0.030367187499999913
0 0.40488541666666666 0.6366015625 0.0269895833333333 0.029640625000000042
0 0.42464583333333333 0.6188906249999999 0.04916666666666671 0.036148437499999984
0 0.5504479166666666 0.621421875 0.034708333333333265 0.03542968749999993
0 0.5870729166666667 0.632984375 0.04627083333333341 0.0484375
0 0.7403541666666666 0.6438359375 0.04048958333333322 0.045546874999999966
1 0.32005208333333335 0.5993671875000001 0.15423958333333326 0.04193750000000005
1 0.4834479166666667 0.5708125 0.15134374999999997 0.03976562500000007
1 0.6646770833333334 0.6069609375 0.1532812500000001 0.045546874999999966
2 0.3267916666666667 0.425484375 0.08483333333333339 0.04410156250000004
2 0.48970833333333336 0.40777343750000006 0.09061458333333335 0.04193750000000005
2 0.6757604166666666 0.4243984375 0.08483333333333339 0.05494531249999994