3 0.20163541666666665 0.64890625 0.06040625000000001 0.037968749999999926
3 0.2773333333333333 0.6387578125 0.049374999999999974 0.026695312500000058
3 0.3248333333333333 0.6374375 0.046614583333333334 0.03534375000000001
3 0.38611458333333337 0.6295468750000001 0.03834375000000006 0.033085937499999926
3 0.4220833333333333 0.6334921875 0.048624999999999946 0.029703124999999986
3 0.4793541666666667 0.6378203124999999 0.04436458333333337 0.027070312500000072
3 0.5138125 0.6336796875 0.03358333333333334 0.027820312499999923
3 0.5600520833333333 0.6389453125 0.037343749999999905 0.024812499999999994
3 0.5916354166666667 0.6381015624999999 0.04636458333333333 0.031015625000000036
3 0.6546770833333333 0.64928125 0.044614583333333256 0.029703124999999986
3 0.68475 0.64871875 0.050624999999999906 0.026320312500000043
3 0.7428958333333333 0.6562421875 0.040604166666666684 0.03233593750000008
1 0.23735416666666667 0.50284375 0.09725000000000002 0.027820312499999923
1 0.3706979166666667 0.4938203125 0.08721875000000003 0.027820312499999923
1 0.442375 0.513375 0.08020833333333334 0.03534375000000001
1 0.5291041666666667 0.49138281250000004 0.08521875000000007 0.02518750000000001
1 0.6080520833333334 0.50096875 0.11379166666666668 0.024062499999999966
1 0.7069270833333333 0.5042578125 0.0965000000000001 0.02951562499999998
2 0.23159375000000001 0.38253906249999997 0.06466666666666665 0.03534375000000001
2 0.34813541666666664 0.373140625 0.07819791666666671 0.03458593749999998
2 0.4371145833333333 0.386578125 0.06666666666666667 0.04229687499999999
2 0.52509375 0.3680625 0.05915624999999996 0.03571875000000002
2 0.6160729166666666 0.371640625 0.07569791666666674 0.05414062499999996
2 0.7074270833333334 0.385453125 0.0734375 0.035531250000000014