3 0.23510416666666664 0.69921875 0.10560763888888886 0.0390625
3 0.376875 0.7088203125 0.12876736111111114 0.048499999999999946
3 0.47815972222222225 0.7211953125 0.053524305555555624 0.0419921875
3 0.560625 0.71875 0.11428819444444452 0.046875
3 0.6691319444444445 0.736 0.08824652777777785 0.06966406250000005
3 0.7356770833333334 0.751953125 0.0998263888888889 0.04296875
3 0.8926562499999999 0.7682265625 0.10994791666666653 0.044273437500000054
0 0.038697916666666665 0.5478515625 0.064375 0.076171875
0 0.2566319444444444 0.5561796875 0.04699652777777777 0.040054687499999984
0 0.29322916666666665 0.5796640625 0.08223958333333334 0.04676562499999992
0 0.5022048611111111 0.546015625 0.09081597222222212 0.05875781250000003
0 0.7351041666666667 0.5841328125 0.08765625000000002 0.05571093749999996
0 0.9199131944444444 0.59765625 0.10482638888888908 0.044929687499999996
2 0.1723611111111111 0.357640625 0.14684027777777775 0.07116406250000003
2 0.4070833333333333 0.3712578125 0.13645833333333326 0.056929687500000006
2 0.6207986111111111 0.3354765625 0.16807291666666677 0.07807812499999996
2 0.8512326388888889 0.35367187499999997 0.1843402777777777 0.054695312499999996