2 0.27846875 0.20231944444444444 0.07778125000000005 0.09166666666666666
2 0.4641484375 0.22947222222222222 0.06475781250000008 0.09413888888888892
2 0.55746875 0.22886111111111113 0.06284375000000005 0.09290277777777776
0 0.2280390625 0.5608055555555556 0.03836718750000001 0.0882777777777777
0 0.307203125 0.55 0.04670312499999998 0.0629583333333334
0 0.4039921875 0.6134305555555556 0.04340624999999996 0.11388888888888889
0 0.50346875 0.6282361111111111 0.023609375000000023 0.10648611111111106
0 0.5946171875 0.6058611111111112 0.024656249999999956 0.052472222222222184
3 0.219921875 0.9618055555555556 0.05078125 0.0763888888888889
3 0.291234375 0.940125 0.06475781249999998 0.06543055555555542
3 0.40173437500000003 0.948 0.04930468749999992 0.0867222222222223
3 0.4866328125 0.9115694444444445 0.06284375000000005 0.07315277777777787
3 0.5288203125 0.9024722222222222 0.03264062499999998 0.07161111111111104
3 0.563890625 0.8855 0.05278124999999996 0.0932083333333332