2 0.3952286902286902 0.383140625 0.10958419958419954 0.05142968750000003
2 0.5188877338877339 0.3665390625 0.07362785862785867 0.05338281250000003
2 0.6198024948024948 0.3689765625 0.07276507276507277 0.04068750000000003
2 0.7445426195426196 0.3811875 0.10395010395010396 0.04752343750000003
3 0.3555925155925156 0.733125 0.05098752598752594 0.03284374999999997
3 0.43804573804573804 0.719734375 0.0629521829521829 0.03303906249999997
3 0.483960498960499 0.7116171875 0.05020790020790016 0.03674999999999997
3 0.547952182952183 0.699890625 0.07205821205821199 0.03206249999999997
3 0.5833264033264033 0.679359375 0.04916839916839912 0.04027343749999997
3 0.6638357588357588 0.6719296875 0.07751559251559245 0.02541406249999998
3 0.7232744282744282 0.67359375 0.041881496881496845 0.034601562499999974
3 0.7593035343035344 0.6743750000000001 0.040582120582120546 0.04085937499999996