2 0.26587500000000003 0.46176562499999996 0.06047916666666661 0.044570312499999966
2 0.34146875 0.4824921875 0.04899999999999996 0.02971874999999997
2 0.3774479166666667 0.4981328125 0.06047916666666661 0.03284374999999997
2 0.4765 0.50321875 0.07090625000000005 0.03518749999999997
2 0.55365625 0.4981328125 0.07298958333333326 0.04692187499999996
0 0.42853125 0.6967578125 0.03128124999999997 0.05630468749999995
0 0.5249791666666667 0.7303828125 0.030239583333333306 0.04378906249999996
3 0.17725 0.764796875 0.050052083333333344 0.040664062499999966
3 0.2549270833333333 0.7784765625000001 0.051093750000000014 0.03518749999999997
3 0.29246875 0.7929453125 0.05942708333333328 0.028148437500000158
3 0.3539791666666667 0.8250390624999999 0.06568750000000007 0.032906249999999915
3 0.40246875 0.8669062500000001 0.06881249999999994 0.03674999999999997
3 0.4749375 0.8934921875 0.05109374999999995 0.043007812500000145