3 0.16845703125 0.8502197265625 0.10579427083333333 0.052490234375
3 0.3092447916666667 0.8331298828125 0.13020833333333334 0.059814453125
3 0.4093424479166667 0.782470703125 0.09602864583333333 0.0732421875
3 0.5354817708333334 0.799560546875 0.09765625 0.068359375
3 0.6795247395833334 0.8599853515625 0.1123046875 0.064697265625
3 0.732421875 0.8319091796875 0.10091145833333333 0.059814453125
0 0.263671875 0.4974365234375 0.12369791666666667 0.057373046875
0 0.3230794270833333 0.4595947265625 0.09602864583333333 0.052490234375
0 0.90576171875 0.4736328125 0.056966145833333336 0.06103515625
2 0.24495442708333334 0.2825927734375 0.21321614583333334 0.096435546875
2 0.4996744791666667 0.289306640625 0.12044270833333333 0.07080078125
2 0.77880859375 0.2996826171875 0.1416015625 0.084228515625
0 0.38374348958333326 0.5846875 0.05498046875 0.046181640624999964
0 0.5558203125 0.57767578125 0.045084635416666664 0.066796875