2 0.26283230557149934 0.3855262727338172 0.0575585873303212 0.05521429833574384
2 0.3428711593840297 0.35315999240842655 0.053516220976152926 0.05140280495546503
2 0.4294484426587388 0.3699766362785583 0.03829651542133332 0.03553903443040288
2 0.5079409932251117 0.35315999240842655 0.05256646111429995 0.04379028933056725
2 0.586551282617334 0.35950550061845143 0.05137337434569112 0.04124580336516119
2 0.7262915703906475 0.37616507745368155 0.055423589954915746 0.04601017009050997
3 0.25141163946409206 0.7467804530075063 0.03472510437056335 0.040931669295357936
3 0.30671749059315834 0.7366234514172028 0.032590106995157984 0.028240652875308355
3 0.3268115835381498 0.7421836244527195 0.04566696591951561 0.04505729674544012
3 0.3722430718059664 0.7569374545978101 0.025211807241918988 0.030774667705054336
3 0.39579083697587825 0.7682043965680853 0.03520390892901819 0.05901532058036269
3 0.44930705795203113 0.7685185306378884 0.030918215668094405 0.040617535225554675
3 0.48451096688104944 0.7605814098075274 0.02711917622068181 0.04379028933056713
3 0.5184040502156092 0.7659845158081425 0.022119200749603857 0.04315155005530066
3 0.5574148478470964 0.7780367929529256 0.037346755559480166 0.04441855747017365
3 0.600703489484451 0.777879725918024 0.032590106995157894 0.049821663470788785
3 0.6715901119009424 0.7897749360279055 0.03163249787824822 0.04124580336516143
3 0.7285521558469591 0.7967591835131969 0.035674864232416496 0.032366280325390545
0 0.24142738703204944 0.5974934719013618 0.026161567103772047 0.04505729674544012
0 0.3075495116291619 0.5927291051760131 0.015698510113274534 0.03172754105012407
0 0.31682733110610717 0.5743208486855452 0.03139702022654915 0.06346555323590809
0 0.38128541363121254 0.5893992840360991 0.026161567103772047 0.05362268571540775
0 0.4759474296142581 0.591933298865845 0.038531993073032296 0.06631370213545709
0 0.5317242360467226 0.5895563510710008 0.020219681025897558 0.033005019600657014
0 0.5446912054002875 0.5982788070758699 0.024740851938520676 0.0485441849202556
0 0.6262763624589753 0.6051059875262595 0.030918215668094405 0.07551783038069143
0 0.6782462801889708 0.6033573078710218 0.039246275283186464 0.035853168500206256
0 0.75590680971934 0.6168441306012395 0.01902659425728873 0.034272027015530004