2 0.18518055555555557 0.3209609375 0.1620416666666667 0.05338281250000003
2 0.4432916666666667 0.3509140625 0.11343055555555549 0.05078125
2 0.6458333333333334 0.3255234375 0.11573611111111116 0.0546875
2 0.8078749999999999 0.3333359375 0.15740277777777767 0.05728906250000003
3 0.8449027777777778 0.6868515625 0.06018055555555545 0.045570312499999946
3 0.7615694444444445 0.6744765625 0.1203750000000001 0.028648437500000058
3 0.6932916666666666 0.654296875 0.09954166666666661 0.04296875
3 0.571763888888889 0.6432265625 0.07870833333333328 0.036460937500000054
3 0.3877361111111111 0.6399765625 0.07176388888888884 0.05078125
3 0.4675972222222222 0.6412734375 0.06944444444444445 0.037757812499999946
3 0.24073611111111112 0.6432265625 0.1018472222222222 0.049476562499999946
3 0.1342638888888889 0.6458359375 0.10648611111111109 0.0546875
1 0.1886527777777778 0.458984375 0.1597222222222222 0.053382812499999946
1 0.4305555555555556 0.48046875 0.14815277777777772 0.03125
1 0.6388888888888888 0.46939843750000004 0.17593055555555565 0.045570312499999946
1 0.8067083333333334 0.49609375 0.15509722222222233 0.041664062499999946
0 0.3680555555555556 0.5149765625 0.06481944444444439 0.045570312499999946
0 0.5243055555555556 0.5130234375 0.04861111111111111 0.046875