3 0.46875 0.70621875 0.07291666666666667 0.051109375000000054
3 0.5414479166666666 0.7303046875 0.0802916666666666 0.060218749999999946
3 0.5846354166666666 0.7783203125 0.1015625 0.044921875
3 0.6302083333333334 0.833984375 0.15625 0.06640625
2 0.47221874999999996 0.2884140625 0.1111145833333333 0.06900781250000003
2 0.5855 0.2669296875 0.15538541666666675 0.08072656250000003
1 0.46853125 0.5 0.12195833333333338 0.0390625
1 0.5596770833333333 0.5141640625 0.11674999999999992 0.0419921875
0 0.4361979166666667 0.5390625 0.0546875 0.0390625
0 0.5164895833333333 0.5530625 0.05382291666666662 0.055335937499999946
0 0.6766458333333334 0.6002578125 0.07726041666666675 0.07552343750000005