2 0.44096874999999996 0.30078125 0.1111145833333333 0.05208593749999997
2 0.5494791666666666 0.3203125 0.1232604166666666 0.05728906250000003
2 0.6970520833333332 0.2962265625 0.11979166666666667 0.04296875
2 0.8524270833333334 0.3352890625 0.1076354166666666 0.09765625
3 0.4817708333333333 0.71484375 0.078125 0.0703125
3 0.8654479166666668 0.70703125 0.0954895833333334 0.08333593750000005
3 0.7760416666666666 0.744140625 0.08680208333333325 0.06380468750000005
3 0.77690625 0.7063828125 0.057291666666666664 0.053382812499999946
3 0.6822916666666666 0.73828125 0.09375 0.0703125
3 0.5946145833333334 0.74609375 0.05034374999999992 0.078125
3 0.5494791666666666 0.7421875 0.03992708333333326 0.08072656249999995