2 0.15625 0.436203125 0.12152777777777778 0.0390625
2 0.3588020833333333 0.4140625 0.1157465277777778 0.046875
2 0.6597222222222222 0.44075 0.10994791666666674 0.040359375000000065
2 0.9079861111111112 0.425125 0.12616319444444457 0.045578124999999935
3 0.14032986111111112 0.7532578125 0.13598958333333336 0.048179687500000054
3 0.2661979166666667 0.7493515625 0.0983854166666667 0.048179687500000054
3 0.3428819444444444 0.7369765625 0.08970486111111114 0.046875
3 0.43546875 0.732421875 0.10128472222222218 0.048179687500000054
3 0.6235590277777778 0.7259140625 0.11284722222222222 0.045570312499999946
3 0.7508680555555556 0.732421875 0.12442708333333326 0.053382812499999946
3 0.9548611111111112 0.7389296875 0.08102430555555568 0.048179687500000054
3 0.8825173611111111 0.73828125 0.07522569444444452 0.0625