2 0.2271354166666667 0.3020859375 0.2517361111111111 0.09114843749999997
2 0.5381944444444444 0.2897109375 0.2546354166666666 0.07682031250000003
2 0.8993055555555556 0.2994765625 0.2013888888888889 0.05208593749999997
0 0.06944444444444445 0.583984375 0.10994791666666665 0.08203125
0 0.3530034722222222 0.58203125 0.12152777777777778 0.08333593750000005
0 0.6467013888888888 0.5475234375 0.06654513888888897 0.05859375
0 0.7175868055555555 0.5631484375 0.09258680555555562 0.08203125
0 0.9621006944444443 0.5807265625 0.07234375000000012 0.07552343750000005
3 0.9244791666666666 0.7858046875 0.14756944444444445 0.08724218750000005
3 0.7306076388888889 0.736328125 0.17071180555555562 0.07421875
3 0.546875 0.7454453125 0.1388888888888889 0.07161718750000005
3 0.41522569444444435 0.759765625 0.14756944444444445 0.08724218750000005
3 0.2777777777777778 0.7806015624999999 0.16782986111111114 0.07161718750000005
3 0.10994791666666666 0.7903671875 0.1388888888888889 0.0703125