2 0.17621874999999998 0.455078125 0.11979166666666667 0.07942187500000006
2 0.3307291666666667 0.423828125 0.0954895833333333 0.055992187500000054
2 0.5668333333333333 0.373046875 0.09895833333333333 0.07161718750000005
2 0.7482604166666668 0.3834609375 0.10764583333333325 0.07161718749999997
0 0.08333333333333333 0.7220078125 0.07986458333333335 0.07421875
0 0.2734375 0.6901015625 0.06422916666666663 0.06510156249999995
3 0.82465625 0.8587265625 0.08333333333333333 0.07161718750000005
3 0.7239583333333334 0.85546875 0.08333333333333333 0.07291406249999995
3 0.6084999999999999 0.837890625 0.07464583333333343 0.07161718750000005
3 0.48611458333333335 0.841796875 0.08680208333333338 0.06900781249999995
3 0.46006250000000004 0.8880156250000001 0.10764583333333337 0.08333593750000005
3 0.33767708333333335 0.86328125 0.08507291666666662 0.07291406249999995
3 0.23003125000000002 0.904296875 0.10242708333333332 0.08724218750000005
3 0.11805208333333334 0.9348984375 0.11111458333333332 0.08072656249999995