2 0.4922744688261929 0.2407131048218955 0.12539184952978058 0.054944785396461
2 0.7500243817485197 0.26818549752012594 0.17182863113897587 0.0575585873303212
2 0.82085684430512 0.24856235987853276 0.14165099268547546 0.052330983462600705
0 0.7140369209334726 0.46441687393605796 0.09985370950888195 0.052330983462600796
0 0.37269244165795884 0.4774937328604157 0.14165099268547543 0.04709553033982369
0 0.7210031347962382 0.4218974592942538 0.0859212817833508 0.03532164775486767
3 0.7500243817485197 0.5442124008418326 0.1160989202368512 0.052330983462600796
3 0.8487216997561824 0.5540239696626292 0.1323580633925461 0.05363395980200241
3 0.8185301288749565 0.6174773475404849 0.14629049111807718 0.06018023851923802
3 0.6327690700104492 0.5913079311816563 0.1369975618251481 0.04448172840596357
3 0.5932845698362939 0.6357896595876197 0.10913270637408566 0.06540784238695842
3 0.506206896551724 0.6586859365878306 0.18576105886450717 0.06148321485863981