2 0.15625 0.2747421875 0.11458333333333333 0.05728906250000003
2 0.35069791666666666 0.3190078125 0.11805208333333338 0.05208593749999997
2 0.5266979166666667 0.30240625 0.11328125 0.06185156249999997
2 0.742625 0.273109375 0.13628124999999994 0.05794531249999997
3 0.12044791666666667 0.7023125 0.08203125 0.051109375000000054
3 0.22742708333333334 0.6979140625 0.07986458333333335 0.044273437500000054
3 0.31987499999999996 0.7005234375 0.08246874999999995 0.041664062499999946
3 0.38867708333333334 0.712078125 0.045572916666666664 0.055015625000000054
3 0.45746875000000004 0.7392578125 0.0920104166666667 0.044921875
3 0.538625 0.7526015625 0.06163541666666674 0.07552343750000005
3 0.6673229166666667 0.7688828125 0.061197916666666664 0.061195312499999946
3 0.7725729166666666 0.7630234375 0.12846874999999994 0.057289062499999946