2 0.1944477513227513 0.27027281746031745 0.10119708994708994 0.061046626984126905
2 0.4721924603174603 0.2923834325396825 0.0879034391534392 0.05318700396825395
2 0.8675925925925925 0.2686185515873015 0.10158399470899464 0.05774057539682538
1 0.20711970899470902 0.47567460317460314 0.13315806878306882 0.03534474206349216
1 0.4622718253968254 0.4781547619047619 0.14742724867724868 0.04526289682539684
1 0.8199239417989417 0.5095634920634919 0.10875992063492082 0.048556547619047666
0 0.14815806878306875 0.5105977182539683 0.06814484126984126 0.03326636904761902
0 0.7273445767195766 0.5360143849206349 0.05587962962962957 0.04193452380952376
0 0.9119576719576721 0.49530505952380943 0.04811838624338639 0.05724206349206344
3 0.16358796296296294 0.6732217261904762 0.07254960317460318 0.05841269841269856
3 0.2641600529100529 0.6633035714285713 0.09181216931216933 0.043539186507936554
3 0.40992063492063485 0.6777678571428571 0.06918320105820103 0.04766617063492049
3 0.5014021164021164 0.6814880952380953 0.07356812169312169 0.04022569444444439
3 0.7380886243386243 0.7261210317460317 0.09390211640211632 0.060047123015873005
3 0.8568452380952379 0.763313492063492 0.07678902116402118 0.08482886904761892