2 0.14468055555555556 0.24771875 0.13656944444444447 0.04622656249999997
2 0.5653888888888888 0.2532578125 0.15162499999999995 0.05338281250000003
2 0.921875 0.255046875 0.15625 0.06282812499999997
0 0.10995833333333334 0.5045546875 0.0949027777777778 0.07161718750000005
0 0.3156805555555555 0.47265625 0.1001111111111111 0.0625
0 0.4513888888888889 0.4633828125 0.05555555555555555 0.0419921875
0 0.665513888888889 0.46158593750000004 0.053236111111111165 0.040367187500000054
0 0.7598333333333334 0.469890625 0.054402777777777876 0.06282812500000005
0 0.9395277777777779 0.4833984375 0.07002777777777788 0.056640625
3 0.19415277777777776 0.65934375 0.10705555555555553 0.051109375000000054
3 0.2690972222222222 0.62109375 0.1423611111111111 0.046875
3 0.4901666666666667 0.6165390625 0.09837500000000006 0.045570312499999946
3 0.6122638888888888 0.6184921875 0.08565277777777772 0.049476562499999946
3 0.7957222222222222 0.6254921875 0.0983749999999999 0.0458984375
3 0.9114583333333334 0.63671875 0.09375 0.0546875