2 0.4556484375 0.38687719298245615 0.019695312500000027 0.03252631578947372
2 0.48396875 0.39803508771929824 0.021648437500000027 0.039473684210526314
2 0.505046875 0.37426315789473685 0.012046875000000058 0.0402105263157895
2 0.6773359375 0.39056140350877194 0.018710937500000035 0.026122807017543836
2 0.6988515625 0.3936491228070175 0.015437499999999993 0.02943859649122802
2 0.6876953125 0.403859649122807 0.0166015625 0.03561403508771932
2 0.7166640625 0.3907894736842105 0.01617968750000003 0.02943859649122802
3 0.683203125 0.6419824561403509 0.019664062500000058 0.024684210526315878
3 0.48977343749999996 0.6168245614035087 0.0166015625 0.01994736842105264
3 0.45103125000000005 0.6238245614035087 0.017125000000000057 0.021122807017543797
0 0.738390625 0.5149649122807017 0.010781249999999964 0.024210526315789394
0 0.49928906250000005 0.4091929824561404 0.010257812500000085 0.030631578947368385