2 0.41797283176593514 0.2923847508597387 0.09752699407871827 0.05363395980200259
1 0.3436711947056774 0.45198365392634454 0.20434691745036568 0.05886941292477952
0 0.5004110066179032 0.4395582831716877 0.08592128178335072 0.06018023851923802
3 0.4737025426680599 0.5540239696626292 0.11145942180424934 0.05886941292477952
3 0.4481644026471613 0.6652243660500096 0.2043469174503656 0.05886941292477952
3 0.7349355625217694 0.6985837000407179 0.06733542319749214 0.04448172840596357
3 0.7964750957854404 0.7116684082201322 0.07895506792058535 0.03663247334932617
3 0.4237826541274817 0.6835366780971442 0.05805642633228827 0.027472392698230454
2 0.8022709857192616 0.5311355419174748 0.07198885405781981 0.03663247334932617
0 0.8556879136189479 0.5435609126721316 0.04412399860675736 0.043170902811505076
0 0.8150470219435735 0.5671086778420434 0.03715778474399182 0.043170902811505076
0 0.469063044235458 0.6030818137666122 0.05109021246952273 0.013084708179414331
1 0.7511947056774642 0.6174773475404849 0.14629049111807724 0.03139702022654907