3 0.37197823653450657 0.8143496884735203 0.08793550794435914 0.04186137071651084
3 0.4665642707763865 0.8034774143302179 0.09314207863657269 0.03764408099688481
3 0.5437950693775545 0.7963395638629283 0.05437742430947855 0.0389408099688473
3 0.6297034857990785 0.794392523364486 0.08619998438028802 0.035046728971962704
0 0.34623695103220264 0.6853582554517134 0.060743324742491674 0.027258566978193066
0 0.49057697480887547 0.683411214953271 0.06826161282204805 0.02336448598130847
0 0.5278907314364061 0.6663746105919003 0.049170853617265 0.026285046728972007
0 0.6647055250392662 0.6675116822429906 0.020826282768854346 0.026608255451713348
1 0.42954208210761985 0.6399260124610592 0.15793264433047838 0.03764408099688481
1 0.5999149593453604 0.6486876947040499 0.15503779102560755 0.04348520249221188
2 0.422891555810099 0.49827881619937686 0.07867475420647516 0.040564641744548345
2 0.5779293468357066 0.5218068535825545 0.08330513107541722 0.035046728971962614