2 0.1907109375 0.2629375 0.0859375 0.11811458333333331
2 0.0591484375 0.35565625 0.0625 0.0684479166666667
2 0.7611640625 0.20042708333333334 0.1015625 0.09654166666666668
0 0.7349296875 0.6034270833333333 0.06585156249999997 0.0996979166666667
0 0.1450859375 0.6242604166666667 0.058039062500000016 0.11756249999999989
1 0.16796875 0.5379479166666666 0.13727343750000004 0.07886458333333338
1 0.7795781250000001 0.5260416666666666 0.1484375 0.08482291666666673
3 0.1300234375 0.9025312499999999 0.1261171875 0.09077083333333344
3 0.739953125 0.9211354166666667 0.17410937499999993 0.08631249999999989
3 0.8208671875 0.8735104166666667 0.0859375 0.08035416666666677
3 0.053570312499999995 0.7061041666666666 0.042414062499999995 0.037197916666666705
3 0.075890625 0.6741041666666666 0.046875 0.04761458333333337