2 0.2936796875 0.22965156794425087 0.06463281250000001 0.09818815331010455
2 0.37996875 0.25498257839721256 0.06107812500000005 0.0823519163763066
2 0.4730078125 0.24627177700348435 0.06107812500000005 0.1029442508710802
2 0.5539765625 0.24311846689895472 0.06107812500000005 0.10611498257839716
2 0.63778125 0.27952961672473864 0.07102343750000006 0.09344947735191635
0 0.3377109375 0.6311324041811847 0.0390625 0.08710801393728224
0 0.43253125 0.6263937282229965 0.04829687499999995 0.09660278745644607
3 0.665484375 0.9122648083623693 0.059656249999999925 0.11719512195121948
3 0.61221875 0.9035540069686411 0.039773437500000064 0.06493031358885014
3 0.5770625 0.9003832752613241 0.0390625 0.10611498257839735
3 0.5333828125 0.8845470383275261 0.038351562499999936 0.09660278745644607
3 0.49289843749999995 0.9019686411149826 0.035507812500000034 0.10294425087108
3 0.4573828125 0.8948432055749128 0.046875 0.12036585365853644
3 0.408734375 0.9075087108013937 0.03338281250000001 0.10452961672473868
3 0.3615078125 0.9106794425087108 0.03692968749999999 0.0823519163763066
3 0.3000703125 0.8900871080139374 0.043320312500000034 0.0823519163763066