2 0.8627265625 0.24553125 0.053570312500000127 0.05655208333333336
2 0.6478828125 0.17708333333333334 0.07924218750000005 0.09226041666666666
2 0.7885078125 0.21577083333333333 0.07477343750000003 0.08631250000000001
2 0.6808046875 0.22395833333333334 0.051335937500000026 0.025302083333333353
2 0.7254453125 0.26115625000000003 0.03125 0.01636458333333331
2 0.5278984375 0.22990625 0.056085937499999974 0.06361458333333332
2 0.39146093750000005 0.21660416666666665 0.052179687499999974 0.06714583333333331
0 0.470984375 0.4717291666666667 0.03348437499999992 0.07142708333333327
0 0.5792421875 0.49032291666666666 0.03125 0.06993749999999999
3 0.8755546875 0.47321875 0.0256718750000001 0.07142708333333339
3 0.8074765625 0.7291666666666666 0.06585156249999997 0.10416666666666667
3 0.5987734375 0.6599687500000001 0.03682812500000008 0.052083333333333336
3 0.5625 0.6800625 0.03794531249999995 0.07738541666666662
3 0.5128359375 0.6547604166666667 0.06138281249999995 0.053572916666666734
3 0.43024218750000004 0.6755937500000001 0.05692187499999992 0.0625
3 0.3643984375 0.6808020833333334 0.0546875 0.07589583333333323
1 0.775109375 0.45535416666666667 0.11495312500000007 0.06547916666666669
1 0.529578125 0.4479166666666667 0.1015625 0.053572916666666616