2 0.15711458333333334 0.28434375 0.12673958333333335 0.05892187499999997
2 0.32595833333333335 0.2526015625 0.09461458333333338 0.06771093749999997
2 0.4934895833333333 0.2532578125 0.09635416666666667 0.06900781250000003
2 0.7174479166666666 0.2661171875 0.10677083333333333 0.0849609375
0 0.12934375 0.5009765625 0.03992708333333335 0.037109375
0 0.28479166666666667 0.4650078125 0.06533333333333337 0.030921874999999942
0 0.40720833333333334 0.46334375000000005 0.028541666666666642 0.03615624999999998
0 0.444 0.49759374999999995 0.033614583333333316 0.030445312500000023
0 0.26797916666666666 0.4873671875 0.043135416666666634 0.029968749999999923
0 0.5762395833333334 0.49878125000000006 0.04313541666666675 0.041390625000000014
0 0.63190625 0.475234375 0.04598958333333343 0.037101562500000004
0 0.66615625 0.45893750000000005 0.06120833333333332 0.043054687499999925
1 0.20360416666666667 0.4565625 0.14652083333333335 0.04399999999999995
1 0.33616666666666667 0.41612499999999997 0.15286458333333333 0.04875781250000007
1 0.5058333333333334 0.4356328125 0.12305208333333321 0.03639062499999994
1 0.7359270833333333 0.45715625 0.14746874999999993 0.04281249999999996
3 0.19789583333333333 0.626390625 0.07420833333333335 0.03543749999999992
3 0.2568854166666667 0.6259140624999999 0.05518750000000002 0.03449218750000007
3 0.29684375 0.6274609375 0.05898958333333333 0.03900781250000005
3 0.41671875 0.6165234374999999 0.06279166666666663 0.03996093750000007
3 0.4815729166666667 0.6363828125000001 0.06501041666666664 0.04399999999999995
3 0.5735520833333333 0.661234375 0.0738958333333334 0.03805468750000003
3 0.6482291666666666 0.6605234375 0.08435416666666669 0.039484374999999974
3 0.7871458333333333 0.692515625 0.042499999999999954 0.047812500000000036