2 0.18628747795414463 0.2803720238095238 0.1300440917107584 0.059449404761904745
2 0.38997795414462083 0.24149057539682542 0.12737213403880077 0.056091269841269845
2 0.6422619047619048 0.2681994047619048 0.11166225749559086 0.07478422619047613
2 0.8426455026455026 0.28234623015873017 0.11560405643738976 0.05099702380952378
2 0.2786243386243386 0.2500148809523809 0.031278659611993005 0.021718750000000054
2 0.9551190476190476 0.3003050595238095 0.046340388007054874 0.016535218253968243
3 0.1379453262786596 0.4644766865079365 0.09753527336860672 0.027358630952380912
3 0.2381128747795414 0.4646676587301587 0.10948853615520283 0.03339533730158735
3 0.3527248677248677 0.4576041666666666 0.06744268077601415 0.04752232142857142
3 0.47247354497354493 0.45776537698412695 0.08589947089947098 0.04078125000000003
3 0.583205467372134 0.4572519841269841 0.05618165784832456 0.034104662698412724
3 0.650268959435626 0.46196924603174605 0.0772795414462081 0.04777777777777779
3 0.7689858906525572 0.46444196428571427 0.08865520282186942 0.0428323412698413
3 0.9151014109347442 0.4633184523809524 0.10458994708994725 0.0335243055555555