2 0.4080146478188808 0.3928504672897196 0.12662379923463407 0.07278426791277263
2 0.7007419363236405 0.4221183800623053 0.16336136203889312 0.05107866043613711
0 0.2835359557094386 0.6815693146417445 0.07230191167920579 0.04253115264797493
0 0.5139301798870174 0.6777336448598131 0.061749928409653085 0.046693925233644865
0 0.5694252813717579 0.6790498442367601 0.06018795720198899 0.04406542056074762
0 0.8383064761061793 0.6847507788161994 0.053933130277076524 0.044941588785046706
1 0.38691068127977507 0.6160241433021807 0.25324759846926814 0.0561214953271028
1 0.7103150843030571 0.6489057632398755 0.22237610531156973 0.06401479750778805
3 0.31539322625152943 0.8897157320872274 0.09614106335528778 0.06684190031152645
3 0.5018092833155442 0.8689875389408099 0.10786626055415258 0.048668224299065345
3 0.6073360581053289 0.8796183800623053 0.11255911627140126 0.06598520249221167
3 0.8078237402268329 0.8783021806853583 0.09614106335528798 0.058095794392523104