2 0.4265390625 0.064671875 0.11740624999999998 0.12066145833333333
2 0.68402734375 0.15552604166666667 0.11805468749999992 0.10792708333333335
1 0.43294140625 0.5068020833333333 0.18619921875000003 0.10214062500000007
1 0.65690234375 0.5833333333333334 0.18098828124999997 0.125
0 0.34971874999999997 0.6047447916666666 0.05750781250000001 0.07060416666666663
0 0.53678515625 0.608796875 0.041015625 0.07870312500000007
0 0.56184765625 0.6226875 0.03255078124999997 0.07870312500000007
0 0.7482656249999999 0.6636302083333334 0.05382031250000008 0.08246354166666663
3 0.3802734375 0.9408854166666667 0.091796875 0.11822916666666666
3 0.478125 0.9513020833333333 0.0765625 0.09739583333333333
3 0.5909296875 0.948125 0.09071093749999992 0.09027604166666663
3 0.6833984375 0.965625 0.079296875 0.06875