2 0.7312417218543047 0.2356796875 0.2538576158940398 0.07552343749999997
2 0.4456456953642384 0.2493515625 0.18488410596026483 0.07161718749999997
2 0.13245033112582782 0.2552109375 0.2152317880794702 0.07552343749999997
0 0.037251655629139076 0.5130234375 0.07450331125827815 0.06510156249999995
0 0.3352649006622517 0.49739843749999996 0.09657284768211918 0.0703125
0 0.5739569536423841 0.509765625 0.08829470198675503 0.061195312499999946
0 0.8926655629139072 0.515625 0.12968543046357603 0.07552343750000005
3 0.8223013245033114 0.7063828125 0.1490066225165563 0.08463281249999995
3 0.6539735099337748 0.70703125 0.11038079470198668 0.052085937500000054
3 0.5753311258278145 0.6770859375 0.10210264900662244 0.052085937500000054
3 0.4552980132450331 0.6725234375 0.13245033112582782 0.07682031249999995
3 0.259387417218543 0.6770859375 0.1214072847682119 0.0703125
3 0.12279801324503312 0.6927109375 0.16279801324503312 0.09635156249999995