2 0.33328070175438596 0.5621640625000001 0.09994736842105258 0.04149218749999992
2 0.5628070175438596 0.25571875 0.0711403508771929 0.014710937500000031
2 0.7012982456140351 0.23403125 0.04828070175438593 0.014335937500000017
1 0.6947192982456141 0.2815546875 0.07835087719298241 0.014335937500000017
1 0.5420526315789475 0.29946875 0.0652105263157894 0.016218749999999994
2 0.535280701754386 0.5696171875 0.05166666666666675 0.02810156250000002
0 0.5683157894736842 0.3146484375 0.02626315789473689 0.01150000000000002
0 0.6614736842105263 0.2534609375 0.017877192982456235 0.008062500000000038
3 0.5945614035087718 0.3445625 0.040684210526315885 0.00932031249999996
3 0.6534736842105263 0.3119453125 0.035736842105263164 0.010054687500000003
3 0.6539473684210526 0.3391171875 0.031035087719298343 0.010992187500000038
3 0.3691578947368421 0.8109999999999999 0.12212280701754388 0.022867187499999986