2 0.21943573667711597 0.09026643315132872 0.14165099268547546 0.08111420175528966
2 0.4806687565308254 0.11185188455708124 0.1393242772553118 0.08241717809469146
2 0.7012608847091605 0.10335114133074305 0.13468477882270985 0.06279404045309823
0 0.11609892023685126 0.39377357842632243 0.08359456635318704 0.07325709744359578
0 0.3610867293625914 0.38788663713384447 0.12306513409961689 0.07980337616083116
0 0.6049042145593869 0.38853812530354537 0.08592128178335072 0.08110635250023296
0 0.7895088819226749 0.3728396151902708 0.06502264019505397 0.07587874863251264
3 0.6443747823058168 0.5756094210683816 0.08592128178335072 0.06018023851923802
3 0.19041448972483452 0.605703464955529 0.13003134796238242 0.0627940404530983
3 0.3250853361198188 0.6017788374272103 0.10681992337164756 0.05494478539646091
3 0.4330616509926854 0.5965433843044333 0.12771856495994424 0.06018023851923802
3 0.5712295367467781 0.5919672686064137 0.09752699407871827 0.06148321485863981
3 0.7430581678857541 0.57692024666284 0.10216649251132014 0.04709553033982369