2 0.11574652777777777 0.3138046875 0.13310763888888888 0.046875
2 0.3385416666666667 0.3111953125 0.16203124999999996 0.046875
2 0.5193923611111111 0.34765625 0.14178819444444438 0.05728906250000003
2 0.7841493055555556 0.3268203125 0.16203125000000007 0.04947656250000003
1 0.12296875 0.44921875 0.19387152777777775 0.046875
1 0.5078125 0.48763281249999996 0.19387152777777772 0.045570312499999946
3 0.8347743055555555 0.6953125 0.14178819444444438 0.06771093750000005
3 0.6930034722222222 0.6744765625 0.10126736111111118 0.049476562499999946
3 0.5758159722222222 0.662109375 0.07522569444444452 0.04296875
3 0.46585069444444444 0.6477890625 0.09258680555555562 0.04296875
3 0.3616840277777778 0.6334609375 0.10994791666666665 0.04296875
3 0.2806770833333333 0.6276015625 0.10416666666666667 0.041664062499999946
3 0.20109374999999996 0.6126328125 0.078125 0.048179687500000054
3 0.11574652777777777 0.6106796875 0.13310763888888888 0.049476562499999946