2 0.260046875 0.21726041666666665 0.11607031249999995 0.10416666666666667
2 0.44915625 0.17113541666666665 0.07575000000000003 0.10044791666666668
2 0.5835625 0.18014583333333334 0.07449999999999993 0.07905208333333331
2 0.7354921875 0.16509375 0.08649218750000003 0.08240625000000001
0 0.20647656250000002 0.6726145833333333 0.08035937500000001 0.13690625000000006
0 0.3660703125 0.6555104166666667 0.051335937500000026 0.09375
0 0.3917421875 0.5766354166666667 0.06919531250000004 0.1235104166666666
0 0.529015625 0.5766354166666667 0.04910937499999992 0.1324375000000001
0 0.6668515625 0.5610104166666667 0.05692187499999992 0.10714583333333323
0 0.8002265625 0.5572916666666666 0.051335937500000026 0.10863541666666662
3 0.7550234375 0.8102708333333334 0.08370312500000007 0.12053125000000003
3 0.6863828125 0.8244062499999999 0.04464062500000008 0.11309374999999994
3 0.5775703125 0.8385416666666666 0.0390625 0.1621979166666667
3 0.6356015625 0.8258958333333334 0.04129687499999992 0.10118750000000011
3 0.5284609375 0.8653229166666667 0.06585156249999997 0.10863541666666662
3 0.42242968750000004 0.9003020833333333 0.07700781249999995 0.10416666666666667
3 0.3471015625 0.9099687500000001 0.07366406249999997 0.07886458333333338
3 0.2488828125 0.9546145833333333 0.08482031250000004 0.09077083333333344