2 0.1744273400351738 0.11149228130360207 0.16357122695789997 0.09433962264150944
2 0.41069110015849924 0.13596912521440824 0.11702021408254994 0.09180102915951975
2 0.6241483379290879 0.1879073756432247 0.1268341403044054 0.08840480274442539
2 0.8862930716286341 0.16756432246998285 0.11714180254901552 0.10226415094339628
3 0.1100028225894001 0.8554888507718698 0.13317411034153329 0.11291595197255581
3 0.20192370323729295 0.864785591766724 0.09697548689667151 0.10862778730703262
3 0.30470069696245955 0.8583533447684392 0.13461580215819524 0.13293310463121796
3 0.4248301018303407 0.8547684391080617 0.11146188418698569 0.13435677530017154
3 0.5471480990946002 0.8862264150943396 0.10711943895607608 0.11149228130360207
3 0.6643941203291573 0.8869296740994855 0.11290357600364767 0.13006861063464825
3 0.7924962546409884 0.8883704974271012 0.13751655557244286 0.10149228130360193
3 0.9140847211064551 0.9269639794168096 0.09409210326334773 0.13579759862778715