3 0.24435937500000002 0.90104296875 0.10850520833333335 0.09114453124999997
3 0.411890625 0.92822265625 0.16232812500000005 0.1201171875
3 0.5204010416666667 0.87548828125 0.1085052083333333 0.0849609375
3 0.6551666666666667 0.88248828125 0.09939062499999997 0.09700390624999997
0 0.20377604166666666 0.66731640625 0.14453125 0.12369921875000003
1 0.3541666666666667 0.541015625 0.2708333333333333 0.08984375
1 0.6048177083333334 0.57096484375 0.2799479166666667 0.07161328124999997
0 0.447484375 0.62744140625 0.08767187499999997 0.0732421875
0 0.515625 0.6396484375 0.10416666666666667 0.064453125
0 0.7152760416666666 0.6494140625 0.07639062500000003 0.052734375
2 0.3218333333333333 0.1708984375 0.2139739583333333 0.142578125
2 0.6454010416666667 0.25618359375 0.1397552083333333 0.08658984375000003