3 0.12201041666666666 0.6663671875 0.06277083333333332 0.028281250000000036
3 0.21275000000000002 0.6601796875 0.05270833333333336 0.030367187499999913
3 0.25795833333333335 0.655921875 0.03256249999999999 0.02860156249999992
3 0.33197916666666666 0.6501328125 0.055916666666666615 0.03246093749999997
3 0.3680833333333334 0.6470859375 0.041989583333333275 0.032140625000000075
3 0.43085416666666665 0.6408984375 0.05698958333333337 0.02265625
3 0.48591666666666666 0.6351093750000001 0.04628124999999995 0.026515625000000043
3 0.5595104166666667 0.6398515625 0.048208333333333304 0.03117187500000007
3 0.61725 0.633265625 0.054416666666666676 0.031492187499999956
3 0.6753125 0.6297265624999999 0.054843750000000094 0.032140625000000075
3 0.71259375 0.6296484375 0.03170833333333339 0.031015625000000036
3 0.7740833333333333 0.6309375 0.04928124999999994 0.029726562499999963
3 0.7980729166666667 0.6266796875 0.0355625000000001 0.03181250000000002
3 0.8625624999999999 0.626515625 0.05913541666666665 0.033421874999999976
1 0.1546875 0.50246875 0.11397916666666669 0.028281250000000036
1 0.28827083333333337 0.50246875 0.10219791666666668 0.024421874999999992
1 0.391 0.49507812500000004 0.08527083333333335 0.021210937500000072
1 0.5004791666666667 0.491703125 0.09597916666666666 0.02410156249999993
1 0.6241041666666667 0.48977343749999996 0.09384374999999992 0.03181250000000002
1 0.7305833333333334 0.4785234375 0.08312499999999995 0.03246093749999997
1 0.8308541666666667 0.47957031250000004 0.08827083333333334 0.023945312500000072
0 0.09769791666666668 0.533640625 0.041135416666666674 0.03663281250000008
0 0.22003124999999998 0.5270546875 0.05184374999999998 0.02924218750000005
2 0.1531875 0.3563984375 0.08269791666666665 0.04274218750000003
2 0.28580208333333335 0.36901562499999996 0.06256249999999994 0.030367187500000004
2 0.38736458333333335 0.3692578125 0.06513541666666664 0.03374218750000004
2 0.49652083333333336 0.361703125 0.06619791666666662 0.03985156249999999
2 0.6153229166666667 0.35969531250000003 0.07884375000000006 0.03872656250000004
2 0.7378750000000001 0.3475625 0.061708333333333344 0.04628125000000001
2 0.8393229166666667 0.3607421875 0.05248958333333344 0.03021093749999997
0 0.4600520833333333 0.5260703125 0.03516666666666666 0.029117187499999985
0 0.5519895833333333 0.512609375 0.03150000000000001 0.027468750000000063