2 0.3070893970893971 0.3455390625 0.08142411642411647 0.04068750000000003
2 0.4439501039501039 0.3229140625 0.06410602910602907 0.04427343749999997
2 0.501995841995842 0.3305703125 0.06583160083160088 0.0498046875
2 0.6334511434511434 0.3403359375 0.07666320166320166 0.0380859375
2 0.7921829521829522 0.3548203125 0.07450103950103958 0.05338281250000003
3 0.28196465696465695 0.6697578125 0.07276507276507277 0.025062499999999942
3 0.33112266112266114 0.66959375 0.05413721413721418 0.022789062500000058
3 0.42835758835758836 0.66178125 0.05371101871101867 0.022789062500000058
3 0.45088357588357586 0.6801796875 0.07796257796257797 0.0380859375
3 0.5398960498960499 0.684734375 0.035083160083160085 0.031578125000000054
3 0.589054054054054 0.6782265625 0.08922037422037414 0.0263671875
3 0.6613825363825364 0.6834296875 0.05197505197505198 0.028968749999999942
3 0.7406444906444907 0.678875 0.04937629937629938 0.043296875000000054
3 0.8125467775467775 0.68978125 0.047640332640332565 0.031898437499999946
1 0.6193659043659044 0.48567968749999996 0.16112266112266113 0.036460937500000054