2 0.13715624999999998 0.3203125 0.07638541666666665 0.05208593749999997
2 0.28558333333333336 0.33659374999999997 0.0642395833333333 0.053390625000000025
2 0.39496875000000004 0.32421875 0.0642395833333333 0.04166406250000003
2 0.5130208333333334 0.3411484375 0.06770833333333333 0.0390625
2 0.5876770833333332 0.3411484375 0.06076041666666659 0.03646093749999997
2 0.6475729166666666 0.3411484375 0.04513541666666659 0.046875
2 0.71440625 0.3294296875 0.07117708333333325 0.04427343749999997
0 0.5755208333333334 0.44010156250000004 0.03992708333333326 0.049476562499999946
0 0.59028125 0.43033593750000004 0.03125 0.055992187500000054
0 0.5520833333333334 0.46614843749999996 0.03471874999999992 0.0390625
0 0.46961458333333334 0.46028906249999996 0.03298958333333329 0.032554687500000054
0 0.4453125 0.47005468749999996 0.03992708333333338 0.033851562499999946
0 0.36284374999999996 0.4765625 0.04861458333333329 0.033851562499999946
0 0.21875 0.494140625 0.059031250000000014 0.05078125
0 0.08767708333333334 0.5 0.08507291666666665 0.057289062499999946