3 0.21441145833333333 0.638671875 0.07465104166666668 0.05078125
3 0.2931875 0.64485546875 0.0420989583333333 0.04362109375000003
3 0.338109375 0.6533203125 0.05642187499999996 0.044921875
3 0.3832447916666667 0.66145703125 0.042536458333333374 0.04166796875000003
3 0.4650625 0.67741015625 0.0733489583333333 0.03841015624999997
3 0.5403645833333334 0.69368359375 0.0546875 0.03971484375000003
3 0.5891927083333334 0.69010546875 0.040364583333333336 0.03645703124999997
3 0.6180572916666667 0.70247265625 0.0694427083333333 0.04557421875000003
3 0.7115885416666666 0.72330859375 0.07682291666666667 0.03255078124999997
3 0.7777760416666666 0.7459296875 0.0868072916666667 0.04459765625000003
0 0.5344947916666667 0.55609765625 0.04301041666666663 0.03538671875000006
0 0.411328125 0.54466015625 0.05160937499999996 0.03949218749999996
0 0.5763333333333333 0.5540468749999999 0.03440624999999997 0.04418359375000005
0 0.6554427083333334 0.5627460937500001 0.03466666666666664 0.029910156250000063
0 0.693890625 0.57457421875 0.028671875000000093 0.040664062499999966
0 0.8080625 0.59793359375 0.05682291666666662 0.05806249999999995
2 0.26496875000000003 0.376140625 0.07324479166666673 0.035582031249999965
2 0.37953125000000004 0.37183984375 0.07559374999999993 0.04574609374999996
2 0.4896614583333333 0.370375 0.07845833333333338 0.034601562499999974
2 0.6334166666666667 0.338703125 0.09540624999999991 0.03694921874999997
2 0.7680520833333334 0.37897656249999995 0.09722916666666657 0.06119140625000004