3 0.2249299719887955 0.6528011204481794 0.13237161531279182 0.04116946778711483
3 0.28169000933706817 0.6897093837535013 0.08249299719887955 0.0659663865546218
3 0.34820494864612517 0.7267839635854343 0.08947245564892631 0.04907913165266109
3 0.3897875816993464 0.7601978291316527 0.11661764705882358 0.04587710084033603
3 0.530030345471522 0.8311537114845938 0.15433940242763763 0.07574754901960787
3 0.6488468720821662 0.9018714985994398 0.1585434173669467 0.1156407563025212
0 0.20870448179271714 0.4509733893557423 0.06724089635854344 0.04717787114845926
0 0.29558823529411765 0.47141631652661065 0.05893790849673207 0.06355217086834734
0 0.36337768440709617 0.4816001400560224 0.05912698412698418 0.05591036414565824
0 0.46097572362278244 0.5237605042016806 0.06758169934640522 0.07020308123249297
0 0.5312044817927171 0.5374457282913165 0.05864845938375349 0.05555847338935589
0 0.6624299719887955 0.5819135154061625 0.10167600373482723 0.07796568627450977
2 0.34660830999066294 0.1536729691876751 0.1563071895424836 0.10733893557422966
2 0.48664098972922504 0.17444152661064427 0.15626283846872085 0.07534663865546218
2 0.7190709617180207 0.15287815126050422 0.19628618113912236 0.10574929971988793