2 0.12976885644768857 0.33984375 0.1175912408759124 0.0546875
2 0.341654501216545 0.3255234375 0.09934306569343061 0.05728906250000003
2 0.5454257907542579 0.3483046875 0.10948905109489052 0.055984374999999975
2 0.7684549878345498 0.3196640625 0.13381995133819952 0.06119531250000003
2 0.9379562043795621 0.2921875 0.12408759124087591 0.084375
3 0.06690997566909976 0.826171875 0.09327250608272508 0.08724218750000005
3 0.20782238442822387 0.7942734375 0.14801703163017033 0.07291406249999995
3 0.3233941605839416 0.7923203125 0.09935523114355226 0.061195312499999946
3 0.44099756690997566 0.7838515625000001 0.09124087591240876 0.057289062499999946
3 0.5180413625304136 0.7740859375000001 0.09935523114355226 0.061195312499999946
3 0.5900243309002433 0.7649765625 0.0851581508515815 0.06640625
3 0.7218126520681266 0.7825546875 0.09327250608272515 0.057289062499999946
3 0.816094890510949 0.791015625 0.07096107055961062 0.05859375
3 0.9032846715328468 0.8138046875 0.16423357664233576 0.046875
3 0.9732360097323601 0.8453125 0.0535279805352798 0.08125
1 0.933698296836983 0.5540390625 0.1317883211678831 0.06380468750000005
1 0.7684549878345498 0.5266953125 0.17843065693430665 0.045570312499999946
1 0.36496350364963503 0.51953125 0.20681265206812652 0.036460937500000054
1 0.13889294403892943 0.5592421875 0.1966788321167883 0.03515625
0 0.48965936739659366 0.595703125 0.07907542579075426 0.053382812499999946
0 0.6204379562043796 0.583984375 0.04866180048661801 0.06380468750000005
0 0.6599756690997567 0.5813828125 0.06690997566909976 0.048179687500000054
0 0.8576642335766423 0.5931015625 0.06487834549878337 0.048179687500000054