2 0.17543402777777775 0.3695625 0.11923611111111113 0.04244531250000003
2 0.40072916666666664 0.38022656250000003 0.13 0.043984374999999964
2 0.6338368055555555 0.352296875 0.13291666666666677 0.03826562500000001
2 0.8542361111111112 0.34261718750000003 0.145625 0.04530468750000001
3 0.13342013888888887 0.6803984375 0.08210069444444443 0.055859375
3 0.26046875 0.6883203124999999 0.10164930555555557 0.03474218750000002
3 0.36456597222222226 0.689640625 0.11630208333333335 0.03738281249999993
3 0.5016319444444445 0.6898593749999999 0.07671874999999989 0.03518749999999997
3 0.60890625 0.6858984375 0.07720486111111116 0.03782812500000006
3 0.7173958333333333 0.6909609375 0.0830729166666667 0.05057812500000001
3 0.8038888888888889 0.6901875000000001 0.06255208333333329 0.04507812500000004
3 0.9150694444444445 0.693265625 0.09432291666666653 0.03540624999999995