0 0.3948916666666667 0.25125313283208023 0.06333333333333334 0.12115288220551379
0 0.44955833333333334 0.25471177944862156 0.04323333333333334 0.1124436090225564
0 0.6575583333333334 0.3129323308270677 0.04264166666666667 0.08619047619047619
0 0.812875 0.3005639097744361 0.050875 0.09773182957393484
0 0.8998583333333333 0.3388345864661654 0.059750000000000004 0.10258145363408522
3 0.385875 0.4530701754385965 0.115025 0.27015037593984964
3 0.548975 0.44023809523809526 0.082825 0.13518796992481202
3 0.6567999999999999 0.4280325814536341 0.090975 0.13981203007518797
3 0.800925 0.42159147869674185 0.09965 0.13507518796992482
3 0.8985416666666667 0.5064035087719299 0.10772500000000002 0.2118796992481203
0 0.49961666666666665 0.5917293233082707 0.07329999999999999 0.1512280701754386
0 0.76535 0.5473558897243108 0.052324999999999997 0.11238095238095239
0 0.5533583333333333 0.3204135338345865 0.047725000000000004 0.09102756892230576