3 0.0401953125 0.4924844720496894 0.077880859375 0.2610351966873706
3 0.127783203125 0.530496894409938 0.07466796875 0.2286128364389234
3 0.2086328125 0.455175983436853 0.0805859375 0.26457556935817805
3 0.282734375 0.5005797101449275 0.061083984375 0.22424430641821946
3 0.359130859375 0.4481159420289855 0.087822265625 0.23281573498964803
3 0.44666015625 0.45734989648033125 0.0836328125 0.2739751552795031
3 0.529306640625 0.45368530020703934 0.077333984375 0.2515113871635611
3 0.61599609375 0.47902691511387163 0.08779296875 0.2467080745341615
3 0.70482421875 0.4622360248447205 0.086611328125 0.26652173913043475
3 0.79255859375 0.4003726708074534 0.087470703125 0.28010351966873703
3 0.948681640625 0.48846790890269154 0.102626953125 0.353871635610766
0 0.03447265625 0.29378881987577643 0.04732421875 0.11751552795031056
0 0.20625 0.2626293995859213 0.04509765625 0.10987577639751553
0 0.1176953125 0.34140786749482405 0.039248046875 0.10637681159420291
0 0.28126953125 0.31913043478260866 0.045126953125 0.1001863354037267
0 0.35130859375 0.24830227743271224 0.04556640625 0.12265010351966874
0 0.4437890625 0.26192546583850934 0.044814453125 0.10865424430641821
0 0.515478515625 0.2656935817805383 0.045048828125 0.11438923395445134
0 0.6017578125 0.29335403726708076 0.04634765625 0.10115942028985507
0 0.7025390625 0.25712215320910975 0.048779296875 0.1184472049689441
0 0.775126953125 0.18525879917184265 0.0566015625 0.12757763975155278
0 0.939736328125 0.2122360248447205 0.0755859375 0.14997929606625257