1 0.35045945945945944 0.42764235444657706 0.039306306306306306 0.08683941138835571
1 0.42753873873873877 0.4642930262316059 0.030976576576576573 0.08045745361484324
1 0.44195855855855853 0.6879974408189379 0.06931531531531532 0.1247952655150352
1 0.6754522522522522 0.7195617402431221 0.06602882882882882 0.14313819577735123
1 0.8586504504504505 0.6582533589251439 0.06665945945945946 0.12608765195137556
2 0.3512 0.5591362763915547 0.0837045045045045 0.1730166346769034
2 0.45032072072072077 0.8831765834932821 0.1509027027027027 0.23364363403710814
2 0.5384126126126126 0.5747024952015355 0.07467027027027028 0.18553422904670505
2 0.24012612612612613 0.6182661548304542 0.08301441441441441 0.20897312859884837
2 0.12606486486486487 0.6211036468330134 0.09157837837837837 0.21493602047344848
0 0.530136936936937 0.42975047984644915 0.04206486486486487 0.09134996801023673
0 0.23926306306306308 0.456513115802943 0.0405009009009009 0.08729046705054383
0 0.128027027027027 0.45251439539347404 0.04505225225225225 0.09528790786948177