3 0.13214062499999998 0.39342321219226256 0.1033359375 0.21365767878077374
3 0.21753125 0.4616529894490035 0.111171875 0.22953106682297772
3 0.30505468750000003 0.39562719812426733 0.096484375 0.18792497069167646
3 0.377359375 0.43873388042203987 0.096 0.22053927315357563
3 0.49603906249999996 0.4301992966002344 0.0900546875 0.21017584994138336
3 0.6118203125 0.5009378663540446 0.0939453125 0.22101992966002346
3 0.72984375 0.42555685814771393 0.11366406250000001 0.20423212192262605
3 0.8305546874999999 0.45213364595545136 0.1273984375 0.22724501758499413
0 0.37517187500000004 0.26760844079718643 0.0536875 0.10576787807737398
0 0.303484375 0.2420281359906213 0.050921875000000005 0.10514654161781946
0 0.7230859374999999 0.26547479484173503 0.0561328125 0.11004689331770223