1 0.13145454545454546 0.5670915841584158 0.036654545454545454 0.055235148514851486
1 0.11663636363636365 0.10405940594059405 0.03559090909090909 0.0485519801980198
2 0.35102727272727274 0.5087376237623762 0.06282727272727273 0.10117574257425743
1 0.3431181818181818 0.42737623762376237 0.03140909090909091 0.051621287128712876
1 0.6379636363636364 0.38790841584158414 0.039299999999999995 0.04693069306930693
1 0.5458636363636364 0.5880693069306931 0.03690909090909091 0.058292079207920795
2 0.2315909090909091 0.5711138613861386 0.0655 0.09863861386138614
2 0.7604181818181819 0.8883168316831683 0.06601818181818182 0.1107178217821782
2 0.6378545454545455 0.6474876237623762 0.056063636363636364 0.10993811881188119
0 0.6174454545454546 0.5565717821782178 0.04184545454545455 0.058551980198019805
0 0.694609090909091 0.4789232673267327 0.04094545454545454 0.057153465346534656
0 0.16546363636363637 0.7227351485148515 0.040554545454545454 0.0647029702970297
0 0.8302272727272727 0.34034653465346537 0.03922727272727273 0.06556930693069307
1 0.8741818181818182 0.22034653465346535 0.030972727272727273 0.054665841584158416