3 0.158984375 0.8958333333333334 0.04765625 0.08333333333333333
3 0.21953125 0.8986111111111111 0.0484375 0.09166666666666666
3 0.303515625 0.8916666666666667 0.07734375 0.10555555555555556
3 0.381640625 0.8958333333333334 0.04609375 0.08888888888888889
3 0.45078125 0.9236111111111112 0.046875 0.09166666666666666
3 0.501171875 0.9326388888888889 0.03984375 0.10416666666666667
3 0.560546875 0.9270833333333334 0.04765625 0.10416666666666667
3 0.61015625 0.9388888888888889 0.0359375 0.09444444444444444
3 0.661328125 0.95625 0.03828125 0.08194444444444444
3 0.73671875 0.9694444444444444 0.05625 0.06111111111111111
2 0.191796875 0.17847222222222223 0.08828125 0.08194444444444444
2 0.328125 0.18263888888888888 0.0828125 0.08194444444444444
2 0.479296875 0.22847222222222222 0.07109375 0.09583333333333334
2 0.5953125 0.1486111111111111 0.0796875 0.08611111111111111
2 0.733203125 0.19027777777777777 0.09140625 0.07777777777777778
0 0.126171875 0.5923611111111111 0.04453125 0.10416666666666667
0 0.241015625 0.5930555555555556 0.03671875 0.1
0 0.2828125 0.5840277777777778 0.0359375 0.09861111111111111
0 0.412109375 0.6381944444444444 0.03671875 0.11805555555555555
0 0.65078125 0.6166666666666667 0.0703125 0.10277777777777777
0 0.7734375 0.6430555555555556 0.0328125 0.1