2 0.3563084112149533 0.15316718587746625 0.09540498442367604 0.09345794392523364
2 0.45463395638629284 0.1680944963655244 0.10319314641744555 0.08177570093457943
2 0.5787577881619937 0.0895638629283489 0.13337227414330216 0.1142263759086189
0 0.3241822429906542 0.45950155763239875 0.02920560747663554 0.03894080996884739
0 0.38015965732087226 0.46664070612668745 0.03017912772585669 0.042834890965732106
0 0.4054711838006231 0.49649532710280375 0.04380841121495323 0.05841121495327108
0 0.46923676012461063 0.5367341640706127 0.035046728971962614 0.07917964693665626
0 0.5081775700934579 0.5153167185877465 0.035046728971962614 0.09865005192107995
0 0.6279205607476636 0.557502596053998 0.07982866043613708 0.07658359293873312
1 0.3684774143302181 0.4121235721703011 0.08080218068535827 0.04543094496365529
1 0.5695093457943925 0.4763759086188993 0.14213395638629275 0.08566978193146421
3 0.35874221183800625 0.6496625129802699 0.07106697819314638 0.07139148494288676
3 0.41764018691588783 0.6873052959501558 0.06230529595015573 0.0661993769470404
3 0.4429517133956386 0.7210539979231568 0.10319314641744551 0.04543094496365517
3 0.4945482866043614 0.7573987538940811 0.09151090342679122 0.0687954309449637
3 0.5441978193146417 0.7866043613707165 0.0973520249221183 0.06490134994807899
3 0.6074766355140186 0.8703271028037384 0.10708722741433015 0.1077362409138111