2 0.2638888888888889 0.29947916666666663 0.10648148148148143 0.0651041666666667
2 0.48148148148148145 0.33658854166666663 0.09722222222222222 0.05078125
2 0.6030092592592592 0.30924479166666663 0.0856481481481481 0.0559895833333333
2 0.7476851851851851 0.32682291666666663 0.09722222222222222 0.046875
0 0.19560185185185183 0.5436197916666666 0.05787037037037038 0.04557291666666661
0 0.3576388888888889 0.5390625 0.0625 0.04166666666666661
0 0.4143518518518518 0.529296875 0.041666666666666664 0.03255208333333339
0 0.53125 0.5299479166666666 0.025462962962963017 0.03125
3 0.21643518518518515 0.7102864583333333 0.04861111111111111 0.04557291666666661
3 0.32407407407407407 0.708984375 0.09259259259259255 0.04036458333333339
3 0.4027777777777778 0.6796875 0.06944444444444445 0.03385416666666661
3 0.5115740740740741 0.6822916666666666 0.06018518518518524 0.03385416666666661
3 0.5381944444444444 0.66015625 0.0532407407407408 0.03645833333333339
3 0.6076388888888888 0.66015625 0.04861111111111111 0.0390625
3 0.7048611111111112 0.6432291666666666 0.04398148148148151 0.03645833333333339
3 0.7800925925925926 0.6458333333333333 0.06018518518518508 0.02604166666666661