2 0.1513823987538941 0.31217549325025956 0.07301401869158877 0.0558151609553479
2 0.2837811526479751 0.3394340602284528 0.07106697819314638 0.050623052959501535
2 0.40693146417445486 0.30698338525441327 0.07204049844236757 0.05841121495327108
2 0.529595015576324 0.31671858774662515 0.052570093457944014 0.0623052959501558
2 0.6464174454828661 0.34008307372793356 0.05646417445482861 0.0623052959501558
2 0.7870911214953271 0.3420301142263759 0.07106697819314647 0.06100726895119415
3 0.1309384735202492 0.7969885773624091 0.053543613707165115 0.06490134994807899
3 0.17669392523364486 0.7989356178608514 0.03991433021806854 0.0532191069574246
3 0.26090342679127726 0.7995846313603323 0.04478193146417446 0.044132917964693756
3 0.3198014018691589 0.7969885773624091 0.03017912772585669 0.03894080996884739
3 0.37626557632398755 0.785306334371755 0.04380841121495323 0.049325025960539885
3 0.42883566978193144 0.7892004153686397 0.028232087227414306 0.051921079958463186
3 0.48286604361370716 0.8008826583592938 0.03894080996884739 0.041536863966770456
3 0.5490654205607477 0.8112668743509864 0.03115264797507784 0.051921079958463186
3 0.6050428348909658 0.825545171339564 0.04380841121495323 0.059709241952232615
3 0.6566394080996885 0.8456645898234683 0.04186137071651093 0.04802699896157847
3 0.7359813084112149 0.8456645898234683 0.04088785046728969 0.0661993769470404
3 0.8221378504672897 0.8820093457943925 0.057437694704049844 0.058411214953270965