2 0.12417218543046357 0.2434921875 0.23730132450331132 0.09114843749999997
2 0.5449834437086093 0.2096328125 0.17935430463576166 0.078125
2 0.9122516556291391 0.2 0.17549668874172186 0.078125
3 0.18349337748344371 0.6946640625 0.11865894039735098 0.045570312499999946
3 0.28836092715231787 0.6901015625 0.11865894039735102 0.044273437500000054
3 0.43597682119205294 0.6705703125 0.19316225165562906 0.052085937500000054
3 0.6043046357615894 0.6822890625 0.1490066225165563 0.0546875
3 0.8457450331125828 0.7233046875 0.11865894039735092 0.04296875
0 0.06485099337748344 0.5169296875 0.12968543046357617 0.0703125
0 0.33389072847682116 0.498046875 0.0938245033112583 0.061195312499999946
0 0.4208112582781457 0.5045546875 0.09657284768211918 0.06900781249999995
0 0.6774337748344371 0.49739843749999996 0.10210264900662244 0.057289062499999946
0 0.7698675496688742 0.51953125 0.13245033112582782 0.078125