2 0.4058333333333334 0.12895148669796558 0.11166666666666672 0.11017214397496089
2 0.5916666666666667 0.28669796557120497 0.09666666666666668 0.07261345852895146
1 0.38083333333333336 0.49264475743348984 0.13666666666666671 0.08137715179968706
1 0.5991666666666667 0.5151799687010955 0.07666666666666674 0.07887323943661977
3 0.34625000000000006 0.9508607198748045 0.047499999999999966 0.08388106416275434
3 0.425 0.9089201877934273 0.07833333333333332 0.0776212832550862
3 0.5695833333333333 0.818153364632238 0.03916666666666675 0.07136150234741778
3 0.6050000000000001 0.8056338028169016 0.04166666666666661 0.04632237871674495
0 0.3466666666666667 0.5984350547730829 0.05666666666666664 0.09014084507042248
0 0.45 0.5909233176838811 0.040000000000000036 0.08763693270735526
0 0.5650000000000001 0.5996870109546166 0.03499999999999996 0.05758998435054773
0 0.6316666666666667 0.5871674491392802 0.036666666666666715 0.06259780907668236