3 0.23350520833333333 0.95963671875 0.10243229166666665 0.0703125
3 0.3072916666666667 0.87825390625 0.12847395833333336 0.07161328124999997
3 0.4192708333333333 0.82877734375 0.06423437499999997 0.07161328124999997
3 0.4765625 0.80143359375 0.06770833333333333 0.05859375
3 0.5243072916666667 0.7578125 0.07291666666666667 0.05729296875000003
3 0.5928802083333333 0.72526171875 0.08854166666666667 0.03645703124999997
3 0.634546875 0.70051953125 0.08159895833333337 0.04426953124999997
3 0.6519114583333334 0.67578125 0.0538177083333333 0.04426953124999997
3 0.7057291666666666 0.66015625 0.050348958333333374 0.04426953124999997
2 0.2786458333333333 0.37890625 0.17534895833333336 0.07551953124999997
2 0.4522552083333334 0.36848828125 0.1024322916666667 0.0625
2 0.5572916666666666 0.3671875 0.07985937499999997 0.07551953124999997
2 0.631078125 0.3359375 0.06770833333333333 0.0546875
2 0.7100677083333333 0.38671875 0.09722395833333337 0.04948046875000003
0 0.2855885416666667 0.72395703125 0.07465104166666663 0.0546875
0 0.3567708333333333 0.673828125 0.0538177083333333 0.05338671875000003
0 0.4114583333333333 0.64127734375 0.07291666666666667 0.03515625
0 0.5069427083333334 0.61848828125 0.059026041666666626 0.0546875
0 0.5355885416666666 0.60546875 0.043401041666666626 0.04426953124999997
0 0.59375 0.58854296875 0.04860937499999996 0.03385546875000003
0 0.6692708333333334 0.55598828125 0.0538177083333333 0.0390625
0 0.728296875 0.54752734375 0.036458333333333336 0.02734375