2 0.21527604166666664 0.30338671875 0.10416666666666667 0.05729296875000003
2 0.400171875 0.34895703125 0.09895833333333333 0.04948046875000003
2 0.5833333333333334 0.33854296875 0.07985937499999997 0.046875
2 0.7760416666666666 0.31510546875 0.09027604166666663 0.04948046875000003
3 0.16319270833333333 0.78385546875 0.08333333333333333 0.07551953124999997
3 0.2690989583333333 0.78515625 0.059026041666666626 0.05208203124999997
3 0.3472239583333333 0.76887890625 0.07985937499999997 0.05859375
3 0.4618072916666666 0.77799609375 0.06597395833333337 0.05338671875000003
3 0.5355885416666666 0.775390625 0.0711822916666667 0.05338671875000003
3 0.6241302083333333 0.77018359375 0.0538177083333333 0.06380078124999997
3 0.7065989583333334 0.7734375 0.06597395833333337 0.05208203124999997
3 0.8194427083333333 0.77799609375 0.08333333333333333 0.06380078124999997