2 0.2601272138772464 0.423613707165109 0.1333159780976926 0.05015965732087224
2 0.5552148144291429 0.44504283489096574 0.0991747585452843 0.05836838006230529
2 0.8104617360442212 0.43774922118380066 0.1577035552200209 0.049248442367601085
1 0.27476114856949474 0.6146728971962616 0.21135205963258963 0.049248442367601085
1 0.5657806818872083 0.6534306853582554 0.1918447747724294 0.05015965732087224
1 0.8259078957644548 0.6584462616822431 0.2503735714471663 0.049248442367601085
0 0.16502052256614516 0.6848948598130841 0.06015324673070753 0.04012850467289723
0 0.38531399960082957 0.6762305295950155 0.05852879667473678 0.044688473520249336
0 0.44059389616362515 0.6921884735202493 0.05852879667473678 0.03830218068535825
0 0.6373189631982228 0.6985747663551403 0.03902151181457665 0.04195093457943919
0 0.6885307925268357 0.6985747663551403 0.05690434661876632 0.04742211838006245
0 0.9535382986662502 0.7017640186915888 0.06340908893690529 0.044688473520249336
3 0.2146079018387872 0.8609073208722741 0.16583274759413044 0.056542056074766124
3 0.3666189397686547 0.8622741433021808 0.09917475854528414 0.06292445482866035
3 0.47880318295021657 0.8659228971962618 0.0991747585452843 0.05563084112149532
3 0.6015463514955874 0.8782320872274145 0.11380869323753247 0.04559968847352032
3 0.685274950320638 0.8745872274143303 0.08942111611520408 0.0784306853582553
3 0.8633049575230608 0.90148753894081 0.14306962052777292 0.07934190031152646