3 0.16259773167070174 0.8115225856697819 0.06949036350541046 0.037418224299065536
3 0.24598616787719432 0.8068457943925234 0.0833814941122363 0.03118380062305297
3 0.33284565121182935 0.791253894080997 0.06531816485738333 0.04209501557632409
3 0.42804258974826237 0.7854088785046729 0.06949036350541041 0.030401090342679283
3 0.5413097996338045 0.7916433021806855 0.037522019455219165 0.04131619937694717
3 0.6135700587474726 0.7815109034267913 0.07921623755846544 0.025724299065420553
3 0.7122449865063043 0.7698169781931464 0.05698070965558532 0.036639408099688534
3 0.8387091175730439 0.7702063862928349 0.0792162375584656 0.035860591900311614
2 0.19942554170029242 0.49151479750778815 0.10701238296062965 0.04443535825545179
2 0.39121477971867163 0.4798208722741434 0.11257300045991374 0.03975856697819306
2 0.5816086567915376 0.4817679127725857 0.07087878235666746 0.038979750778816144
2 0.7553276234608076 0.46812694704049845 0.09867492775883159 0.031962616822429804
1 0.2084641484219752 0.6388512461059189 0.1751073855205269 0.035081775700934695
1 0.38287732451687356 0.6291043613707166 0.15704405626567397 0.0327414330218069
1 0.5732712015897395 0.6240381619937694 0.14869965896961976 0.036639408099688534
1 0.7650534975138624 0.5936370716510904 0.15426027646890386 0.025724299065420553
0 0.2779475698331294 0.6641861370716511 0.02779614540216421 0.028064641744548348
0 0.30922170445769226 0.6595093457943925 0.026407726550907226 0.028064641744548348
0 0.45861557285294047 0.6513239875389407 0.04169421810324627 0.025724299065420553
0 0.4989213721049298 0.6458683800623053 0.025012365605393928 0.025724299065420553
0 0.655264276850719 0.6298870716510903 0.026407726550907226 0.029622274143302187
0 0.6976527043795937 0.6357320872274144 0.033356762901448296 0.028843457943925267
0 0.8477477242947267 0.6435280373831775 0.036133600603962264 0.02728582554517143