2 0.29514583333333333 0.388046875 0.06259375000000003 0.036843749999999974
2 0.35378125 0.3782421875 0.05466666666666668 0.031492187499999956
2 0.4175625 0.3803203125 0.0633854166666667 0.03803124999999996
2 0.5498854166666667 0.3627890625 0.060218749999999946 0.0279296875
2 0.6469479166666667 0.3624921875 0.06893750000000007 0.02971093749999998
2 0.7162708333333333 0.36160156250000003 0.060218749999999946 0.044570312499999966
3 0.28881249999999997 0.7086484375000001 0.05308333333333337 0.03268749999999994
3 0.3090104166666666 0.6902265625 0.03961458333333331 0.021984375000000077
3 0.3510104166666667 0.6569453125 0.04595833333333334 0.031492187499999956
3 0.4084479166666667 0.6887421875 0.038822916666666644 0.03208593749999995
3 0.46470833333333333 0.6949765625000001 0.04833333333333331 0.03387499999999992
3 0.5201666666666667 0.6608125 0.05784374999999997 0.030898437499999966
3 0.5791979166666666 0.664078125 0.031697916666666735 0.03268749999999994
3 0.6271354166666666 0.6890390625 0.05784374999999997 0.03387499999999992