3 0.25433854166666664 0.95637890625 0.08159895833333332 0.07942578124999997
3 0.3524322916666666 0.927734375 0.09722395833333337 0.07421875
3 0.4696197916666666 0.92317578125 0.078125 0.078125
3 0.5746510416666666 0.91145703125 0.10416666666666667 0.06510546875000003
3 0.7083333333333334 0.9140625 0.0555572916666667 0.08333203124999997
3 0.8020833333333334 0.90950390625 0.09375 0.06380078124999997
1 0.20485937499999998 0.72395703125 0.07639062499999998 0.0703125
1 0.375 0.701171875 0.0555572916666667 0.06640625
1 0.4331614583333333 0.70377734375 0.050348958333333374 0.05078125
1 0.623265625 0.69661328125 0.04514062500000004 0.0703125
1 0.6918385416666666 0.70637890625 0.0711822916666667 0.05859375
1 0.828125 0.70637890625 0.04860937499999996 0.07942578124999997
2 0.2647552083333333 0.37434765625 0.1440989583333333 0.07421875
2 0.501734375 0.40299609375 0.11458333333333333 0.07421875
2 0.75 0.39778515625 0.1319427083333333 0.07682421875000003