2 0.6361072056239017 0.09763327475102519 0.04588752196836552 0.10674868189806679
2 0.6458699472759227 0.23953134153485647 0.0439367311072056 0.09373169302870536
2 0.6287873462214411 0.40747510251903923 0.042961335676625724 0.09633274751025193
2 0.6385500878734622 0.572149970708846 0.06053602811950807 0.06639718804920917
2 0.6395254833040422 0.7257644991212655 0.044912126537785466 0.08461628588166382
2 0.6278031634446398 0.8657176332747512 0.05077328646748676 0.08331575864089041
3 0.2977943760984183 0.0670415934387815 0.05077328646748676 0.06639718804920915
3 0.3065817223198594 0.14319859402460458 0.044912126537785646 0.05468072642062101
3 0.3070650263620387 0.21935559461042767 0.030263620386643188 0.06639718804920917
3 0.32024604569420034 0.28965436438195663 0.03514938488576451 0.05338019917984767
3 0.31634446397188054 0.3781839484475688 0.03319859402460459 0.061183362624487474
3 0.3212302284710018 0.44002343292325724 0.04686291739894557 0.05468072642062095
3 0.3207381370826011 0.5096660808435852 0.03222319859402454 0.06378441710603404
3 0.3241564147627417 0.5968834212067956 0.03514938488576451 0.06378441710603393
3 0.31292618629173996 0.6671821909783247 0.03222319859402454 0.061183362624487356
3 0.30169595782073816 0.7387932044522554 0.04686291739894557 0.05338019917984767
3 0.28851493848857646 0.8038781487990628 0.0439367311072056 0.05338019917984767
3 0.2816871704745167 0.8689748096074986 0.04588752196836561 0.06378441710603416
1 0.49111599297012304 0.24538957234915057 0.031247803163444665 0.14971294669009955
1 0.47695957820738133 0.41983596953719976 0.030263620386643274 0.11586408904510831
1 0.4828119507908612 0.5565319273579379 0.03612478031634438 0.1080492091388401
1 0.49501757469244295 0.7114469830111307 0.042961335676625724 0.11326303456356186
1 0.4691476274165202 0.8618160515524311 0.04588752196836552 0.13278265963678967
0 0.4588927943760985 0.17704745166959582 0.04882249560632683 0.04686584651435268
0 0.44962214411247814 0.32610427650849444 0.04198594024604567 0.05598125366139423
0 0.45449912126537795 0.4842765084944347 0.03222319859402454 0.049466900995899246
0 0.44962214411247803 0.6450615114235502 0.04003514938488575 0.0403514938488577
0 0.43789982425307555 0.7811013473930873 0.03222319859402454 0.05206795547744581