2 0.36632291666666666 0.18033593750000004 0.18403124999999995 0.16796875
2 0.6145833333333334 0.38802343750000007 0.22916666666666666 0.171875
2 0.9227395833333334 0.5318984375 0.1545104166666666 0.19400781249999993
3 0.7630208333333334 0.544921875 0.13020833333333334 0.10025781249999995
3 0.18836458333333334 0.2916640625 0.11284374999999998 0.03385156250000003
3 0.2595520833333333 0.3294296875 0.109375 0.05208593749999997
3 0.61371875 0.234375 0.08507291666666675 0.05728906250000003
3 0.6692708333333334 0.181640625 0.08854166666666667 0.06119531250000003
3 0.7951354166666668 0.10482031249999998 0.0798645833333334 0.06380468750000001
3 0.5243020833333333 0.5266953125 0.15278124999999995 0.037757812499999946
0 0.45919791666666665 0.5983046875 0.13367708333333336 0.09244531249999995
0 0.5225729166666667 0.5592421875 0.1076354166666667 0.07421875
0 0.3541666666666667 0.3919296875 0.09028124999999995 0.05989843749999997