2 0.43576388888888895 0.0613154960981048 0.15972222222222218 0.1226309921962096
2 0.7167708333333334 0.030527684875510965 0.14137152777777792 0.06105536975102193
2 0.9064930555555556 0.02787068004459309 0.15625 0.05574136008918618
3 0.061996527777777775 0.9296915644741733 0.09920138888888888 0.10219249349684129
3 0.21081597222222226 0.9144184318097361 0.09425347222222225 0.08493125232255687
3 0.34536458333333336 0.8719620958751395 0.08557291666666673 0.09024526198439246
3 0.4724652777777778 0.8440914158305465 0.09425347222222218 0.09555927164622817
3 0.5853125 0.828149386845039 0.10664930555555543 0.09290226681531037
3 0.7080902777777778 0.8414344109996285 0.07689236111111111 0.09555927164622807
3 0.8054340277777777 0.8095689334819769 0.08557291666666664 0.09024526198439246
3 0.9294444444444444 0.8420847268673356 0.08803819444444443 0.09953548866592347
1 0.4092187500000001 0.44128576737272396 0.18848958333333332 0.14996283909327393
1 0.9048784722222223 0.3822185061315497 0.1902256944444442 0.09555927164622817