3 0.23611458333333332 0.8756484375 0.11111458333333335 0.07942968750000005
3 0.35330208333333335 0.86328125 0.0954895833333333 0.07291406249999995
3 0.5251770833333333 0.8600234375 0.0920104166666667 0.061195312499999946
3 0.65971875 0.8639296875 0.08680208333333325 0.07161718750000005
1 0.31163541666666666 0.5696640625 0.2170104166666667 0.07942968750000005
1 0.6189270833333332 0.5931015625 0.19270833333333334 0.06900781249999995
0 0.20052083333333334 0.63671875 0.06423958333333335 0.06510156249999995
0 0.44617708333333334 0.6341171875 0.06944791666666662 0.06771093750000005
0 0.5034687499999999 0.6321640625 0.07291666666666667 0.055992187500000054
0 0.7369791666666666 0.6432265625 0.07117708333333325 0.057289062499999946
2 0.3203125 0.3092421875 0.1579895833333333 0.09244531250000003
2 0.62153125 0.337890625 0.19096874999999994 0.08724218749999997