2 0.10069270833333335 0.22721484374999998 0.1875 0.10026171875000003
2 0.5390625 0.27734375 0.20659895833333336 0.11979296875000003
2 0.8645833333333334 0.29948046875 0.2256927083333333 0.10416796875000003
0 0.3038177083333334 0.70768359375 0.0694427083333333 0.07682421875000003
0 0.026911458333333336 0.74674609375 0.05381770833333334 0.11067578124999997
0 0.5329843750000001 0.681640625 0.1944427083333333 0.13151171875000003
0 0.6944427083333333 0.69075390625 0.0694427083333333 0.07161328124999997
0 0.9600677083333333 0.70833203125 0.07985937499999997 0.11979296875000003
3 0.09808854166666667 0.96809765625 0.15798437499999998 0.06380078124999997
3 0.265625 0.974609375 0.125 0.05078125
3 0.4401041666666667 0.96875 0.13715104166666664 0.0625
3 0.6315104166666666 0.9693359375 0.13177083333333334 0.061328125
3 0.7196197916666667 0.89778515625 0.11979166666666667 0.08463671875000003
3 0.8272552083333333 0.951171875 0.06770833333333333 0.09765625