2 0.32117708333333334 0.3138046875 0.12846875000000005 0.0546875
2 0.6354166666666666 0.3255234375 0.11805208333333325 0.08072656250000003
1 0.31423958333333335 0.56640625 0.22569791666666664 0.07552343750000005
1 0.6319479166666666 0.5846328125 0.18055208333333325 0.06771093750000005
0 0.19617708333333334 0.6276015625 0.041666666666666664 0.059898437500000054
0 0.45398958333333334 0.62890625 0.06076041666666671 0.0546875
0 0.4947916666666667 0.625 0.02778124999999996 0.0546875
0 0.734375 0.6373671875 0.03125 0.06900781249999995
3 0.24305208333333334 0.8697890625 0.06596874999999998 0.06771093750000005
3 0.3697916666666667 0.8717421875 0.1111145833333333 0.06640625
3 0.51128125 0.8522109375 0.08159375000000005 0.06640625
3 0.6493020833333334 0.8600234375 0.09028125000000008 0.06380468750000005