3 0.35503124999999996 0.8079453125 0.07465624999999995 0.055992187500000054
3 0.44184375000000004 0.8125 0.08159375000000005 0.046875
3 0.5607604166666668 0.8020859375 0.09375 0.059898437500000054
3 0.65625 0.8203125 0.0798645833333334 0.044273437500000054
1 0.375 0.529296875 0.18403124999999995 0.053382812499999946
1 0.6006979166666666 0.525390625 0.2048645833333334 0.061195312499999946
0 0.2942708333333333 0.5807265625 0.06076041666666671 0.078125
0 0.4583333333333333 0.578125 0.08333333333333333 0.049476562499999946
0 0.5086770833333333 0.5709609375 0.04861458333333329 0.06380468750000005
0 0.70659375 0.5787734375 0.03819791666666674 0.06380468750000005
2 0.38194791666666666 0.2708359375 0.11805208333333338 0.08853906250000003
2 0.60503125 0.2766953125 0.14409374999999994 0.06380468749999997