2 0.31580633925461504 0.22631757104802266 0.11609892023685128 0.1098895707929219
2 0.3773319400905607 0.1955798882462311 0.09985370950888191 0.06410486604755668
2 0.6072169975618251 0.2112783983595057 0.1369975618251481 0.07456792303805414
0 0.24730059212817831 0.4670306758699182 0.1137861372344131 0.07587874863251264
0 0.25542319749216297 0.4408691087661461 0.07895506792058518 0.0575585873303212
0 0.40288401253918493 0.4317090281150504 0.10913270637408566 0.06279404045309826
0 0.5816788575409265 0.39507655476572423 0.08592128178335072 0.052330983462600754
3 0.15210031347962386 0.675687423040507 0.14629049111807735 0.05363395980200241
3 0.28328805294322534 0.63840346152148 0.1486172065482411 0.03139702022654907
3 0.29258098223615464 0.5533724814929283 0.06502264019505404 0.04186007721704658
3 0.43887147335423193 0.5860803273139358 0.11145942180424934 0.04709553033982369
3 0.43887147335423193 0.5265515769643987 0.10216649251132014 0.043170902811505076
3 0.6095437129919887 0.5219754612663792 0.14629049111807732 0.052330983462600796