2 0.25433854166666664 0.21809765625000002 0.13368229166666665 0.05859375
2 0.47308854166666664 0.265625 0.1336822916666667 0.08333203124999997
2 0.6727447916666667 0.259765625 0.13020833333333334 0.07421875
0 0.18663020833333333 0.541015625 0.07465104166666668 0.07161328124999997
0 0.3559010416666667 0.525390625 0.04514062500000004 0.06380078124999997
0 0.4036458333333333 0.55012890625 0.036458333333333336 0.04817578124999997
0 0.5364583333333334 0.54752734375 0.034723958333333374 0.05338671875000003
0 0.5789947916666667 0.552734375 0.036458333333333336 0.06380078124999997
0 0.763890625 0.55403515625 0.0555572916666667 0.04557421875000003
3 0.23610937499999995 0.73112109375 0.10416666666666667 0.05598828124999997
3 0.3402760416666667 0.73046875 0.09375 0.05989453124999997
3 0.4348958333333333 0.71744921875 0.078125 0.0625
3 0.5225677083333333 0.72135546875 0.08333333333333333 0.046875
3 0.6241302083333333 0.728515625 0.08159895833333337 0.06380078124999997
3 0.7118072916666667 0.736328125 0.08333333333333333 0.06119921875000003