2 0.5922105263157895 0.179828125 0.04417543859649114 0.02189843749999998
2 0.6072105263157895 0.3216171875 0.045842105263157885 0.02932031249999998
2 0.08501754385964913 0.7325 0.045017543859649116 0.018929687500000014
2 0.12001754385964912 0.7271171875 0.04000000000000002 0.020046875000000065
1 0.5201052631578947 0.213421875 0.07835087719298241 0.013359375000000017
1 0.5597017543859648 0.358734375 0.09419298245614045 0.01596093749999996
1 0.6601403508771929 0.1391875 0.1000175438596491 0.012617187499999983
0 0.6838947368421052 0.09260937500000001 0.037508771929824554 0.012992187499999997
0 0.5976140350877193 0.200984375 0.028333333333333294 0.017445312500000032
0 0.6097017543859649 0.36096093749999997 0.02917543859649122 0.011507812500000015
3 0.6317894736842106 0.1703671875 0.026666666666666748 0.014101562500000008
3 0.5738596491228071 0.24348437500000003 0.05250877192982448 0.017812499999999964
3 0.6105438596491228 0.42164843750000003 0.045842105263157885 0.016328125000000072