2 0.3453125 0.15902777777777777 0.0734375 0.06805555555555555
2 0.474609375 0.15763888888888888 0.07421875 0.09305555555555556
2 0.581640625 0.1625 0.06328125 0.07777777777777778
1 0.34375 0.5027777777777778 0.1078125 0.06388888888888888
1 0.475390625 0.49166666666666664 0.10546875 0.07777777777777778
1 0.583984375 0.48194444444444445 0.08828125 0.075
0 0.290234375 0.5881944444444445 0.05546875 0.10138888888888889
0 0.400390625 0.5708333333333333 0.03828125 0.09444444444444444
0 0.433203125 0.5597222222222222 0.02109375 0.10277777777777777
0 0.521484375 0.5541666666666667 0.02265625 0.08333333333333333
0 0.5421875 0.56875 0.0265625 0.08472222222222223
0 0.638671875 0.5715277777777777 0.03046875 0.0763888888888889
3 0.30390625 0.9402777777777778 0.05625 0.08055555555555556
3 0.378125 0.9076388888888889 0.059375 0.059722222222222225
3 0.43671875 0.8986111111111111 0.0375 0.06388888888888888
3 0.5 0.8847222222222222 0.0546875 0.06944444444444445
3 0.563671875 0.8527777777777777 0.03671875 0.08055555555555556
3 0.603125 0.85 0.0453125 0.07222222222222222