2 0.253421875 0.43815624999999997 0.1181640625 0.10546875
2 0.40771875 0.44596874999999997 0.0810546875 0.06640625
2 0.5551796875 0.4296875 0.0576171875 0.078125
2 0.673828125 0.47331249999999997 0.091796875 0.07421875
2 0.7905312500000001 0.46940624999999997 0.0732421875 0.061197916666666664
1 0.2485390625 0.69921875 0.1201171875 0.059895833333333336
1 0.40234375 0.703125 0.12890625 0.0625
1 0.5498046875 0.6927083333333334 0.107421875 0.07552083333333333
1 0.6762734375 0.7207083333333333 0.1044921875 0.08463541666666667
1 0.8037109375 0.7233125 0.107421875 0.06901041666666667
0 0.171875 0.8014375 0.05859375 0.07161458333333333
0 0.2993203125 0.78125 0.0400390625 0.052083333333333336
0 0.3349609375 0.7786458333333334 0.033203125 0.06510416666666667
0 0.4541015625 0.77734375 0.02734375 0.059895833333333336
0 0.486328125 0.7747395833333334 0.0390625 0.078125
0 0.59375 0.7825520833333334 0.041015625 0.059895833333333336
0 0.62646875 0.7923229166666667 0.0400390625 0.07942708333333333
0 0.73975 0.8079479166666667 0.0458984375 0.07161458333333333
0 0.8540078125000001 0.80925 0.0400390625 0.05078125