2 0.09722222222222222 0.2220078125 0.18055555555555555 0.05859375
2 0.4537083333333334 0.171875 0.21759722222222216 0.0703125
2 0.7256944444444444 0.2252578125 0.196763888888889 0.08853906250000003
0 0.04745833333333334 0.49739843749999996 0.08101388888888889 0.059898437500000054
0 0.2361111111111111 0.501953125 0.1157361111111111 0.045570312499999946
0 0.3287083333333333 0.49088281250000004 0.07870833333333335 0.059898437500000054
0 0.5416666666666666 0.5091171875 0.06481944444444439 0.0625
0 0.6041666666666666 0.5201796875 0.07870833333333328 0.07942968750000005
0 0.8877361111111111 0.51171875 0.0763888888888889 0.0625
3 0.13194444444444445 0.673828125 0.1527777777777778 0.06640625
3 0.24537499999999998 0.6888046875 0.06944444444444445 0.06510156249999995
3 0.3807916666666667 0.7076796875 0.12268055555555561 0.06640625
3 0.5162083333333334 0.7200546875 0.12037499999999994 0.052085937500000054
3 0.6666666666666666 0.728515625 0.1527777777777778 0.05859375
3 0.8217638888888888 0.748046875 0.1111111111111111 0.07942968750000005