2 0.265625 0.4908854166666667 0.078125 0.09375
2 0.42725 0.45768749999999997 0.0634765625 0.09505208333333333
2 0.560546875 0.5097708333333333 0.095703125 0.06380208333333333
2 0.7177734375 0.51171875 0.087890625 0.10416666666666667
0 0.1591796875 0.9010416666666666 0.0625 0.078125
0 0.302734375 0.8828125 0.04296875 0.09635416666666667
0 0.335453125 0.88671875 0.0498046875 0.07552083333333333
0 0.4653359375 0.8899791666666667 0.0615234375 0.09244791666666667
0 0.522953125 0.90690625 0.0498046875 0.07421875
0 0.61084375 0.9043020833333333 0.0498046875 0.08984375
0 0.64990625 0.9049479166666666 0.0517578125 0.059895833333333336
0 0.79296875 0.9160208333333333 0.04296875 0.08203125