2 0.35230729166666663 0.23743518518518517 0.07068229166666669 0.08598148148148152
2 0.4475468749999999 0.22750925925925927 0.06473437499999993 0.07142592592592593
2 0.5625 0.193787037037037 0.06547395833333329 0.0701018518518518
2 0.7098229166666666 0.19444444444444445 0.05059374999999999 0.10052777777777776
1 0.33519270833333337 0.5158703703703703 0.12128124999999992 0.08994444444444444
1 0.43340625 0.5462962962962963 0.12128124999999997 0.07936111111111109
1 0.5554322916666667 0.5112407407407407 0.1242552083333333 0.07010185185185189
1 0.7023802083333333 0.5125648148148149 0.125 0.07804629629629621
3 0.2845989583333333 0.9219537037037037 0.0632447916666667 0.06613888888888873
3 0.3470989583333333 0.9272499999999998 0.046875 0.08994444444444444
3 0.3988072916666667 0.9239444444444445 0.056546874999999955 0.08333333333333333
3 0.4609375 0.9318796296296293 0.051338541666666695 0.08333333333333333
3 0.5208333333333333 0.9378333333333333 0.0461302083333333 0.07407407407407428
3 0.5926354166666666 0.9457685185185186 0.03943229166666669 0.06878703703703701
3 0.6733645833333333 0.94775 0.03720312499999991 0.062166666666666655
3 0.7202395833333333 0.9497314814814815 0.04315625000000001 0.05026851851851859