3 0.21463709677419351 0.8297060024499796 0.046754032258064515 0.042711310739077094
3 0.27774193548387094 0.7938138015516538 0.05820564516129032 0.0422825643119642
3 0.3243951612903226 0.7634136382196816 0.046834677419354875 0.03856676194365047
3 0.37729838709677416 0.734034299714169 0.04393145161290324 0.04710085749285438
3 0.4404637096774193 0.7045324622294814 0.03939516129032263 0.04111882400979994
3 0.48129032258064514 0.6898121682319314 0.022419354838709715 0.03205389955083725
3 0.5100604838709677 0.6878726010616578 0.03969758064516142 0.030216414863209334
3 0.5527822580645161 0.6795222539812168 0.040564516129032314 0.035933033891384296
3 0.6040927419354839 0.6840547162106982 0.04050403225806463 0.0327684769293588
3 0.639516129032258 0.6888117599020008 0.03084677419354822 0.0361780318497346
3 0.6806653225806452 0.6857288689260923 0.04266129032258057 0.04632503062474493
3 0.7253629032258064 0.7008166598611678 0.04953629032258071 0.03570845242956317
3 0.7818951612903225 0.7098407513270723 0.029717741935483842 0.03946508779093516
1 0.23340725806451612 0.5691710902409146 0.12052419354838709 0.05169456921192335
1 0.35832661290322576 0.5649652919559004 0.12274193548387094 0.03719885667619435
1 0.4270766129032258 0.534973458554512 0.07304435483870968 0.0465291955900367
1 0.5064314516129033 0.5183340138832176 0.08278225806451615 0.04177215189873414
1 0.5873185483870967 0.5076561861984483 0.0814516129032258 0.05100040832993061
1 0.670040322580645 0.513046141282156 0.07578629032258064 0.03527970600245009
1 0.7723185483870967 0.5216619028174765 0.10520161290322569 0.04436504695794214
2 0.2154032258064516 0.35822784810126584 0.0664314516129032 0.06280114332380562
2 0.3406653225806452 0.36400571661902814 0.06931451612903228 0.053225806451612886
2 0.43032258064516127 0.3538791343405472 0.04328629032258071 0.06759902000816664
2 0.5035080645161291 0.35557370355247037 0.042701612903225696 0.03427929767251943
2 0.5851209677419356 0.3504491629236423 0.04685483870967744 0.038342180481829344
2 0.6808870967741936 0.3690077582686811 0.05923387096774189 0.03468762760310333
2 0.7920564516129033 0.35547162106982444 0.05205645161290331 0.03817884850959575