3 0.44119818878439565 0.5141262062097418 0.08823406478578891 0.0575585873303212
3 0.49808429118773945 0.5330978556816341 0.08592128178335072 0.04578470474536519
3 0.5422082897944966 0.5540239696626292 0.1369975618251481 0.03793544968872797
3 0.588645071403692 0.5795340485967003 0.11378613723441301 0.026161567103771956
3 0.6095437129919887 0.605703464955529 0.15558342041100653 0.034010822160409356
3 0.6861720654824102 0.6449497402387154 0.1509299895506791 0.0497093322736838
0 0.3622431208638105 0.36956647583165303 0.08823406478578891 0.04578470474536528
0 0.5909717868338558 0.40881275111483945 0.048763497039359054 0.06410486604755668
0 0.7117102055033088 0.4408691087661461 0.0952002786485546 0.06540784238695842
2 0.47834204110066175 0.13016419660421605 0.13468477882270977 0.06671866798141687
2 0.5921281783350748 0.13016419660421605 0.10216649251132014 0.07195412110419395
2 0.7151933124346918 0.08437949185885076 0.19041448972483452 0.08241717809469146