3 0.16788194444444446 0.5901015625 0.06104166666666666 0.03275781250000005
3 0.2676736111111111 0.5898359375 0.05869791666666667 0.029054687500000044
3 0.3293055555555556 0.5895703125 0.0575173611111111 0.029585937499999916
3 0.43319444444444444 0.5866640624999999 0.05635416666666663 0.027999999999999935
3 0.5006944444444444 0.5911562499999999 0.04109374999999993 0.027468750000000063
3 0.6028298611111111 0.5951171875 0.062222222222222276 0.020601562499999913
0 0.1332465277777778 0.482859375 0.050486111111111086 0.04542968750000007
0 0.28293402777777776 0.4804765625 0.03756944444444442 0.03328124999999993
2 0.2101388888888889 0.32410937500000003 0.10800347222222223 0.04913281249999999
2 0.3909375 0.33995312499999997 0.12913194444444442 0.03962500000000002
2 0.5817013888888889 0.34471093750000004 0.10213541666666674 0.037507812499999994
2 0.7536979166666666 0.3642578125 0.08217013888888897 0.04173437499999997