1 0.46513541666666663 0.587078125 0.08232291666666663 0.04425000000000008
1 0.5357916666666667 0.5834765625 0.10290624999999996 0.04939843750000002
1 0.60234375 0.5845 0.0466458333333333 0.030874999999999986
1 0.6448750000000001 0.585015625 0.04116666666666665 0.023671874999999964
2 0.44935416666666667 0.372515625 0.14681250000000007 0.055570312499999996
2 0.5399062499999999 0.40544531250000004 0.07546875000000004 0.039101562499999964
2 0.5845 0.4198515625 0.04116666666666665 0.03498437499999998
2 0.6050833333333333 0.4594765625 0.05488541666666672 0.029843750000000037
2 0.6386979166666666 0.45689843750000003 0.03979166666666671 0.04321874999999995
3 0.42534374999999996 0.8824140625 0.09604166666666672 0.05453906249999996
3 0.43426041666666665 0.8402265625 0.07271874999999994 0.04630468749999998
3 0.5069791666666666 0.8299296875 0.0644895833333333 0.05042187499999997
3 0.5179583333333333 0.7944296874999999 0.08643750000000001 0.04528125000000003
3 0.54059375 0.783109375 0.0466458333333333 0.04321874999999995
3 0.5584375 0.7640703125 0.04939583333333341 0.033960937500000024
3 0.57078125 0.7517265625 0.0466458333333333 0.031898437499999946
3 0.5989062500000001 0.7378359375 0.04802083333333324 0.03498437499999998
3 0.6380104166666667 0.73371875 0.05488541666666672 0.030874999999999986
0 0.47198958333333335 0.667859375 0.06860416666666667 0.04321874999999995
0 0.5941041666666667 0.62978125 0.03018750000000002 0.028812500000000085
0 0.6338958333333333 0.6251484375 0.027437499999999913 0.01955468749999998