2 0.27766739762854376 0.19830236713110513 0.1098895707929219 0.1138736003036629
2 0.41159923665994574 0.2362602338989928 0.10694610014668299 0.09031354506842233
2 0.6652243660500096 0.16884706251922432 0.11773882584955922 0.10209357268604263
0 0.275218430050873 0.49542084148663945 0.07358676615597454 0.12696251987879653
0 0.35567329438140505 0.593587738300142 0.06181288357101861 0.0903135450684223
0 0.5450365726227795 0.5988233061301954 0.06377519733517792 0.11387360030366285
0 0.7653023680221348 0.5942369487110686 0.04513321657566429 0.10994692443112272
3 0.2737427701002252 0.8219841493183945 0.09615337444380669 0.0785335174508019
3 0.3443860656099607 0.8887376391515761 0.04905784410398299 0.09947578877101586
3 0.41748617795242365 0.8638686919588222 0.05592594227854065 0.10732914051609613
3 0.5097149248679117 0.8677953678313622 0.048076687221903294 0.08638686919588216
3 0.5906564430119553 0.9260462955085371 0.056907099160620304 0.09554911289847573
3 0.7083952688615145 0.9319310737495172 0.06475635421725752 0.10209357268604269