3 0.18534722222222222 0.5911640625000001 0.09911458333333334 0.03161718750000002
3 0.23602430555555554 0.5665390625 0.11156249999999998 0.02888281250000002
3 0.3262152777777778 0.5660078125 0.07324652777777778 0.03863281250000004
3 0.4030902777777778 0.55740625 0.11161458333333327 0.028999999999999915
3 0.5178645833333334 0.557578125 0.06479166666666675 0.03258593750000003
3 0.6117534722222222 0.555046875 0.07232638888888883 0.030765625000000085
3 0.6781423611111111 0.5441015625000001 0.07052083333333334 0.04024999999999999
3 0.8253993055555555 0.5563359375 0.07184027777777777 0.03767187500000002
2 0.24772569444444445 0.24721875 0.1277604166666667 0.048867187499999964
2 0.39256944444444447 0.2464375 0.1025868055555556 0.042976562499999996
2 0.4891493055555556 0.240453125 0.10107638888888894 0.0385703125
2 0.5923090277777778 0.2771640625 0.1079513888888888 0.040617187500000006
2 0.7614756944444445 0.24707812499999998 0.09777777777777787 0.044265624999999975
1 0.21071180555555558 0.400875 0.15467013888888895 0.03605468750000007
1 0.3898784722222222 0.3922265625 0.1765277777777777 0.036062499999999977
1 0.5840798611111111 0.4181640625 0.18279513888888882 0.03494531250000001
1 0.7523958333333334 0.4025625 0.19260416666666677 0.03510937500000004