2 0.2260678316729272 0.1904140127388535 0.14204801567858896 0.12117834394904459
2 0.4893113397571996 0.17979299363057324 0.12847732592955524 0.0984554140127388
2 0.8029005389514944 0.11743630573248406 0.1598867657466382 0.10109872611464969
0 0.1356720561816103 0.6053184713375795 0.06579781153029561 0.09598726114649683
0 0.34752463389406063 0.5896656050955414 0.05398660787195821 0.0646974522292993
3 0.17157602482443246 0.8782324840764331 0.12016767379824705 0.0845063694267516
3 0.30782296260003267 0.8704458598726115 0.079089770809516 0.06571656050955425
3 0.4594523381784528 0.8430414012738853 0.10361805215308402 0.06826433121019093
3 0.5742021884697044 0.8528980891719746 0.07180793728564426 0.08796178343949031
3 0.6820708802874408 0.8802547770700636 0.09938483314279488 0.09171974522292992
3 0.8491523762861343 0.9057165605095541 0.1478490935815776 0.08848726114649672