2 0.3730986406071398 0.2703333093369808 0.0621896478137371 0.06198912310783309
2 0.45507626041865956 0.25632292982375765 0.06244082397554949 0.06986341712423345
2 0.5704132142208879 0.24805073265227318 0.08453647695998359 0.07127702043834784
2 0.7293920261380192 0.20227092754628567 0.0817970869452171 0.07544453243107048
0 0.31775354320279037 0.5586979142806655 0.03765287650668903 0.06451266680191882
0 0.4134987563836519 0.5737868207668798 0.04687575119823789 0.06795767043409404
0 0.500013245617908 0.5912107905052977 0.03762932874151919 0.09308839601835064
0 0.6266217296814673 0.5831899005896558 0.03202496063108003 0.09163290816159579
0 0.6487801767063544 0.5876191909738809 0.03440328491324116 0.1053396247406758
0 0.7935047414406325 0.599064142250378 0.05227603867720423 0.10635532489970599
3 0.34045358882658544 0.7718902363204428 0.07015664169622399 0.049821663470788785
3 0.41019422000480765 0.7839634557365462 0.03404221918063582 0.06807285292635525
3 0.4496838221947497 0.785806375612725 0.04565126740940247 0.057015333669282416
3 0.49994260232239823 0.7980052486567496 0.03461521479977039 0.05194730400979045
3 0.5261748127216801 0.8509368394185901 0.04510966881049454 0.06648124030601904
3 0.608646935601768 0.8386646684249448 0.04991341290515632 0.08612509080437965
3 0.6751301259314858 0.8677953678313622 0.048147330517413094 0.07219848037643743
3 0.7352397211552141 0.8807167492359342 0.06675006500164338 0.08183192518373576