0 0.2443611111111111 0.5380234374999999 0.05381944444444445 0.03755468749999995
0 0.41391666666666665 0.5233046875 0.03100000000000007 0.038101562499999984
0 0.6151666666666666 0.5057265625 0.04909722222222225 0.04714843749999993
0 0.7878055555555556 0.5062578125 0.04363888888888899 0.03557031249999998
1 0.3314722222222222 0.46821875 0.17191666666666672 0.03683593750000007
3 0.275875 0.6953203125 0.06355555555555555 0.03965624999999999
3 0.3583611111111111 0.675515625 0.08262500000000002 0.036351562499999976
3 0.48866666666666664 0.6551953125 0.0710694444444444 0.03515625
3 0.5530694444444444 0.6495859375 0.059597222222222176 0.03656249999999996
3 0.6364305555555556 0.643140625 0.07759722222222223 0.031570312500000065
3 0.7348750000000001 0.6446328125 0.06686111111111125 0.034554687500000014
2 0.31604166666666667 0.3144296875 0.12423611111111117 0.04017187499999997
2 0.5102083333333334 0.30975 0.09731944444444436 0.04185937500000003
2 0.711763888888889 0.30285937500000004 0.1132222222222222 0.042281250000000006