2 0.17605555555555558 0.3126796875 0.11552777777777778 0.06680468749999999
2 0.4354444444444444 0.3404375 0.1324166666666667 0.051742187500000016
2 0.6362083333333334 0.353234375 0.14322222222222222 0.043062500000000004
2 0.8515694444444445 0.3139140625 0.16525000000000004 0.06321874999999996
0 0.06616666666666667 0.544109375 0.0857361111111111 0.047734374999999926
0 0.3104166666666667 0.5221484375000001 0.07952777777777777 0.046164062499999936
0 0.49597222222222226 0.5395234375 0.05990277777777777 0.03453906250000003
0 0.541125 0.5439140625000001 0.04268055555555558 0.03927343749999999
0 0.7042638888888888 0.55459375 0.0642361111111111 0.04854687500000008
0 0.9574722222222222 0.552921875 0.06519444444444453 0.05326562500000005
3 0.11926388888888889 0.695453125 0.10230555555555555 0.045937499999999964
3 0.2481111111111111 0.6779531249999999 0.08756944444444446 0.053289062500000026
3 0.3651111111111111 0.6695 0.06344444444444437 0.04443750000000009
3 0.490125 0.683078125 0.08048611111111117 0.03531250000000004
3 0.5766111111111112 0.6860546875 0.07062500000000003 0.03521093749999995
3 0.6971944444444444 0.6993359375 0.05369444444444456 0.05168750000000007
3 0.776888888888889 0.7114453125 0.06968055555555566 0.043656250000000084
3 0.8732916666666667 0.722390625 0.08325000000000007 0.053445312500000064