3 0.25213541666666667 0.7424140625 0.08794791666666661 0.029843750000000037
3 0.33257291666666666 0.754234375 0.035395833333333356 0.03605468750000007
3 0.39489583333333333 0.75953125 0.04803125000000001 0.024460937499999957
3 0.44487499999999996 0.7603515625 0.04021875000000001 0.040359375000000065
3 0.49113541666666666 0.7704765625000001 0.07567708333333331 0.019406249999999937
3 0.5746041666666667 0.7816015625 0.04609375 0.036890624999999844
3 0.6272395833333333 0.78515625 0.05627083333333331 0.034499999999999885
3 0.70209375 0.7931015625 0.05592708333333339 0.034531250000000034
3 0.7971874999999999 0.8163359375000001 0.06438541666666661 0.033453125000000125
3 0.8953229166666666 0.8378046875 0.08101041666666665 0.04945312500000014
2 0.30566666666666664 0.46089843750000004 0.07878125 0.043726562500000024
2 0.4202291666666667 0.463609375 0.06488541666666663 0.0396484375
2 0.5318124999999999 0.45775781249999997 0.10208333333333333 0.035867187500000064
2 0.6525833333333334 0.4593359375 0.06679166666666655 0.037437500000000054
2 0.79296875 0.45669531250000006 0.12143749999999992 0.041664062499999946