2 0.4910714285714285 0.3695436507936508 0.1322751322751322 0.06448412698412694
2 0.619212962962963 0.392485119047619 0.12070105820105823 0.04340277777777777
0 0.3323412698412698 0.43712797619047616 0.07936507936507932 0.04588293650793655
0 0.5092592592592592 0.6684027777777778 0.06613756613756613 0.04712301587301582
0 0.6688161375661376 0.5859375 0.057870370370370475 0.033482142857142884
0 0.5795304232804231 0.5704365079365079 0.031415343915343875 0.029761904761904746
3 0.5977182539682538 0.7130456349206349 0.0777116402116403 0.027281746031746046
3 0.6531084656084656 0.7341269841269841 0.07275132275132279 0.03472222222222214
3 0.5200066137566137 0.851314484126984 0.13392857142857134 0.048363095238095254
3 0.5406746031746031 0.8110119047619048 0.06613756613756608 0.01736111111111107
1 0.48363095238095244 0.589657738095238 0.12731481481481483 0.053323412698412655