1 0.26517708333333334 0.5359296875 0.2855625 0.09529687500000002
1 0.54453125 0.5470195312499999 0.2453125 0.08622656249999991
0 0.12936458333333334 0.64134765625 0.11289583333333333 0.09519140625000003
0 0.39213020833333334 0.6408359375 0.11759374999999998 0.07073046875000007
0 0.670296875 0.6566562499999999 0.1166406249999999 0.09455859375000006
2 0.30983854166666663 0.22708203125 0.23426562499999998 0.14166406250000002
2 0.5515520833333334 0.22408984375 0.2229010416666668 0.13567968749999998
3 0.18426562500000002 0.931578125 0.17061458333333335 0.09753515624999984
3 0.2976770833333333 0.9335859375 0.12140104166666663 0.10154687500000001
3 0.44351041666666663 0.9070546875 0.1161927083333333 0.09926562499999995
3 0.5918489583333333 0.9053671874999999 0.12640624999999991 0.09198828124999991