2 0.25788541666666664 0.43127343749999997 0.14078124999999997 0.07816406249999996
2 0.4589375 0.41693749999999996 0.09545833333333333 0.04929687499999993
2 0.6500104166666667 0.45553906250000004 0.09576041666666674 0.055335937499999946
3 0.18148958333333332 0.8926875000000001 0.09185416666666667 0.06032031250000003
3 0.28168750000000004 0.8887421874999999 0.0753541666666667 0.05412500000000016
3 0.3955416666666667 0.880234375 0.07937500000000004 0.05067968749999992
3 0.5218125 0.878484375 0.06530208333333327 0.04548437499999984
3 0.6140208333333333 0.8794531250000001 0.08705208333333327 0.050796874999999984
3 0.70090625 0.893328125 0.07554166666666665 0.04296093749999983
1 0.23244791666666664 0.6361718749999999 0.18021874999999998 0.03701562500000009
1 0.455625 0.6248828125 0.20858333333333334 0.03477343749999999
1 0.6711354166666667 0.638109375 0.16963541666666657 0.045984374999999925
0 0.15072916666666666 0.68678125 0.05969791666666667 0.04503125000000008
0 0.32938541666666665 0.685453125 0.03744791666666671 0.03899218750000007
0 0.368125 0.679828125 0.047145833333333324 0.03791406249999998
0 0.53778125 0.6804375 0.04528125000000003 0.05098437499999999
0 0.5793229166666667 0.699109375 0.049270833333333285 0.035804687499999946
0 0.7231979166666667 0.7008984375 0.06815625000000007 0.04955468750000005