2 0.12819444444444444 0.35450781249999996 0.15779166666666664 0.04549218750000002
2 0.39955555555555555 0.336703125 0.1300694444444444 0.05360156250000001
2 0.6339305555555556 0.3617578125 0.11641666666666674 0.050078125000000015
2 0.8093055555555556 0.35031249999999997 0.171388888888889 0.06284375000000005
0 0.07118055555555555 0.6020390625 0.07544444444444444 0.039437500000000014
0 0.24386111111111114 0.6035468749999999 0.07222222222222222 0.04244531249999994
0 0.3253611111111111 0.5902421875 0.05211111111111109 0.041593750000000006
0 0.5228055555555555 0.5894609375 0.045583333333333406 0.04596874999999993
0 0.5708472222222222 0.5827734375 0.0606666666666666 0.05042187499999997
3 0.15380555555555556 0.76815625 0.11131944444444446 0.04235937500000002
3 0.24280555555555555 0.7660390625 0.07220833333333335 0.05988281250000007
3 0.3903194444444444 0.7759921875 0.10848611111111113 0.05803125000000016
3 0.5255972222222223 0.766390625 0.09648611111111115 0.05388281250000002
3 0.6011805555555556 0.7434375 0.0721805555555556 0.061507812500000016
3 0.7565416666666667 0.7421015625 0.10631944444444438 0.052156249999999994
3 0.8281388888888889 0.765984375 0.11093055555555541 0.04805468749999999
3 0.9420416666666667 0.7948359375 0.09365277777777786 0.07564843749999994