2 0.191109375 0.7219649122807017 0.030367187500000004 0.042596491228070126
2 0.23478906249999998 0.7205263157894737 0.030320312499999957 0.054596491228070185
2 0.29521875 0.721701754385965 0.025039062499999966 0.04703508771929815
2 0.42715625 0.7468771929824561 0.024484374999999937 0.04770175438596501
2 0.47885156249999994 0.7379473684210526 0.016117187500000085 0.03231578947368414
2 0.5007109375 0.7500526315789473 0.013367187499999923 0.019263157894736874
2 0.5251640625 0.7428245614035088 0.012484375000000015 0.03959649122807026
2 0.53578125 0.7555087719298246 0.010835937499999915 0.018052631578947306
2 0.5460234374999999 0.741719298245614 0.013578125000000085 0.02301754385964913
2 0.5426484375 0.7648771929824562 0.026437499999999937 0.043087719298245515
2 0.5792265624999999 0.7552105263157896 0.020687500000000015 0.044719298245614054
2 0.630625 0.771298245614035 0.022640625000000015 0.054877192982456094
2 0.6930625 0.7840175438596491 0.03359375 0.04994736842105268
0 0.15521093749999998 0.8757543859649123 0.014093750000000016 0.029578947368421076
0 0.2101953125 0.883421052631579 0.012859375000000029 0.024333333333333342
0 0.256796875 0.8748070175438596 0.015031250000000006 0.034543859649122904
0 0.3281015625 0.8836842105263157 0.009773437499999992 0.017999999999999985
0 0.41039843749999994 0.8715964912280701 0.013054687500000028 0.021245614035087745
0 0.5590546875 0.9173508771929825 0.012203124999999915 0.03456140350877201
0 0.5685703125 0.9078070175438597 0.010468750000000072 0.037438596491227924
0 0.5916484375 0.9343508771929825 0.013242187500000035 0.041105263157894846
0 0.610890625 0.8603157894736843 0.013851562500000015 0.03161403508771927
0 0.6552421875000001 0.9169824561403508 0.015171875000000057 0.03791228070175421
0 0.70009375 0.9427368421052632 0.015054687499999986 0.03180701754385984