2 0.30359375 0.4406171875 0.1373020833333334 0.08638281249999995
2 0.4044583333333333 0.3930625 0.08109375000000002 0.06979687499999994
2 0.5853750000000001 0.38559375 0.12115624999999994 0.08549999999999995
2 0.757375 0.37084375 0.1536041666666667 0.056007812499999955
3 0.2831354166666667 0.7805546875000001 0.06808333333333334 0.048093749999999956
3 0.3374479166666667 0.7857890624999999 0.05038541666666667 0.051460937499999915
3 0.37736458333333334 0.789234375 0.0815729166666666 0.05492187500000014
3 0.4579791666666667 0.8120390625 0.05814583333333338 0.05317968750000013
3 0.53753125 0.8200390625 0.08391666666666661 0.053390625000000115
3 0.6277916666666666 0.8263125 0.05745833333333342 0.06198437500000011
3 0.6972083333333334 0.8188046874999999 0.08402083333333342 0.07196874999999991
3 0.8498020833333333 0.839703125 0.07694791666666655 0.06245312500000004
0 0.4790104166666667 0.62171875 0.04583333333333333 0.05407812500000002