0 0.4173489583333333 0.55055859375 0.07720312500000001 0.05016796874999994
0 0.6101510416666667 0.5558671875 0.07439583333333341 0.055960937500000085
0 0.7592552083333334 0.549328125 0.05716666666666678 0.055757812500000094
0 0.9424791666666666 0.5155234375 0.08456250000000007 0.07505468749999995
1 0.5222552083333334 0.491796875 0.1775781249999999 0.029214843749999986
1 0.8571770833333333 0.46798828124999997 0.18219270833333331 0.034707031249999964
3 0.4652291666666667 0.742765625 0.11072916666666661 0.04671874999999996
3 0.5874583333333334 0.74701953125 0.11270312499999993 0.0568359375
3 0.7753020833333333 0.7574296875 0.15577604166666675 0.06960546875000002
3 0.9340885416666667 0.76600390625 0.07636458333333328 0.06422656250000003
3 0.6543385416666666 0.67883984375 0.0640625 0.03152343749999993
3 0.7775208333333333 0.6630859375 0.06794270833333324 0.03381640625000006
2 0.5194947916666667 0.32875 0.12269791666666663 0.060410156250000034
2 0.6783072916666666 0.37237109375 0.10341666666666664 0.052695312500000036
2 0.826453125 0.2836953125 0.1293333333333334 0.05721093750000002