3 0.115984375 0.9006328124999999 0.09409374999999999 0.05276171874999989
3 0.17594791666666668 0.8987421875000001 0.051083333333333356 0.04898046875000013
3 0.219703125 0.91573046875 0.07591666666666666 0.07041796875000017
3 0.33321875 0.92902734375 0.06480208333333337 0.06254687499999996
3 0.41380208333333335 0.9288789062499999 0.07555729166666664 0.052847656249999986
3 0.524484375 0.9278124999999999 0.10055729166666676 0.0695195312500001
3 0.5995052083333333 0.8918046875 0.08765625000000009 0.06330859374999989
3 0.72309375 0.9076484375 0.05907812499999991 0.04798828125000014
3 0.8106927083333333 0.8944453125 0.06297916666666671 0.0560546875
3 0.920078125 0.9151953125000001 0.07703125000000005 0.05995312499999983
2 0.135265625 0.49852734375 0.09923437499999999 0.04446484374999997
2 0.263859375 0.48052734375000006 0.10573958333333332 0.06486718749999998
2 0.4726927083333334 0.48419140625 0.09306770833333336 0.05025781249999994
2 0.658109375 0.47009375000000003 0.08369791666666657 0.03773828125000005
2 0.8398489583333333 0.45476171875000004 0.12129166666666673 0.04467187500000005