2 0.2134375 0.39571093749999997 0.14421874999999998 0.07214843749999993
2 0.4062604166666667 0.3939296875 0.13111458333333334 0.0761640625
2 0.5990625 0.37671875 0.1103854166666667 0.06634374999999997
2 0.7907395833333334 0.40609375 0.10508333333333321 0.0664140625
0 0.13523958333333336 0.6679140625 0.0811875 0.06764843749999994
0 0.2738541666666666 0.6525546875 0.04294791666666668 0.055859375
0 0.31063541666666666 0.6476015625 0.08622916666666663 0.047843750000000004
0 0.46991666666666665 0.6404921875 0.048947916666666674 0.05443750000000005
0 0.5046041666666666 0.644828125 0.0426145833333333 0.06500781250000003
0 0.6645416666666667 0.645984375 0.04954166666666661 0.0654375
0 0.7042916666666666 0.6598984375 0.05585416666666655 0.06107812500000005
0 0.8738333333333334 0.6729765624999999 0.06432291666666666 0.05316406249999996
3 0.13529166666666667 0.8628828125 0.08634374999999998 0.07144531249999986
3 0.2308333333333333 0.8489921875 0.08814583333333334 0.05123437499999994
3 0.30894791666666666 0.8365546875 0.07024999999999994 0.06989843749999984
3 0.40712499999999996 0.8322578125 0.09245833333333332 0.049945312499999873
3 0.50146875 0.8407500000000001 0.056531249999999984 0.05178906249999997
3 0.6305 0.835578125 0.05969791666666661 0.05090624999999989
3 0.7250729166666667 0.8248515624999999 0.09740624999999999 0.06732031250000006
3 0.8511979166666667 0.868625 0.07710416666666665 0.062109375