2 0.2955390625 0.3059453125 0.10044531250000004 0.05252343750000001
2 0.485234375 0.3008671875 0.09234375000000003 0.06422656250000003
2 0.7172578125 0.2573984375 0.11575781250000006 0.07417187500000004
0 0.262953125 0.6090078125 0.06965624999999998 0.04613281249999997
0 0.367765625 0.5951484375 0.029281250000000016 0.04967187499999994
0 0.4035078125 0.6154765624999999 0.046476562500000006 0.04893750000000008
0 0.5535703125 0.6134765625 0.04643750000000004 0.06514843750000007
0 0.6389609375 0.5881406250000001 0.05702343750000001 0.07047656250000003
0 0.7803203125 0.5912890625 0.05286718750000006 0.09698437500000008
3 0.2582578125 0.8408125 0.06236718750000003 0.07813281250000018
3 0.36247656250000004 0.8214062500000001 0.09507031250000005 0.07196874999999991
3 0.4408671875 0.8314765625 0.058992187499999994 0.06257031250000011
3 0.510875 0.8407734375 0.05902343749999996 0.053156249999999974
3 0.6497499999999999 0.8116171874999999 0.09415624999999998 0.060179687500000155
3 0.7606875 0.8336484375 0.065625 0.06379687499999989