2 0.24367758186397986 0.09466620088620863 0.10743073047858945 0.12069107111119284
2 0.4137531486146096 0.09833360912439404 0.07394206549118394 0.11170886269895262
2 0.6479596977329976 0.10931622203018995 0.07845088161209066 0.12710413257582723
2 0.7951007556675063 0.15632572762874847 0.072581863979849 0.11653336765399867
3 0.19675062972292193 0.919127029362555 0.06183879093198996 0.0764468305478437
3 0.28730478589420655 0.9134788284395741 0.056120906801007564 0.08803740952521034
3 0.34284634760705296 0.8622527839575406 0.07274559193954655 0.10327578493200212
3 0.43103274559193955 0.8737649156998658 0.05812342569269511 0.07072018238982132
3 0.5498362720403023 0.8818449809091299 0.06482367758186403 0.09341104512554617
3 0.6332745591939546 0.8888660084453353 0.055390428211586774 0.08456611937462834
3 0.6991939546599496 0.8852966592509515 0.05916876574307306 0.09380328130075341
3 0.7975944584382871 0.8765890161613562 0.06916876574307311 0.09272463181893396