2 0.18043402777777778 0.18611576400521124 0.12276041666666666 0.0983807928531547
2 0.40302083333333333 0.1987530243811651 0.12649305555555562 0.0917364600781686
2 0.6293402777777778 0.14291829517960175 0.1078819444444445 0.09437930392704265
2 0.8475868055555555 0.11299088032756376 0.11781250000000006 0.10634654755257772
3 0.13517361111111112 0.9199516099013586 0.07935763888888889 0.12495812395309877
3 0.24739583333333334 0.9305788200260562 0.08309027777777782 0.10368509212730334
3 0.37697916666666664 0.9365531360506235 0.07440972222222228 0.08375209380234507
3 0.48859375000000005 0.9325702587009119 0.10168402777777778 0.09704075935231725
3 0.6132118055555555 0.9246045040014889 0.08803819444444443 0.09437930392704261
3 0.72171875 0.9465289410013028 0.07935763888888889 0.09039642657733116
3 0.802951388888889 0.9312488367764751 0.078125 0.10236367020286614
3 0.9133159722222224 0.9471989577517216 0.1078819444444445 0.0810906383770708