2 0.227984375 0.10207017543859649 0.07954687500000004 0.11801754385964912
2 0.34659375 0.1562982456140351 0.06817968749999999 0.11164912280701753
2 0.4520625 0.11722807017543858 0.0546875 0.11961403508771931
2 0.55078125 0.14592982456140352 0.057531250000000075 0.09410526315789472
2 0.665484375 0.19696491228070176 0.05682031250000001 0.11961403508771931
2 0.7752109375 0.14912280701754385 0.07457031249999986 0.11642105263157897
0 0.3004296875 0.6156315789473684 0.042617187499999966 0.10207017543859641
0 0.385296875 0.6156315789473684 0.029117187499999985 0.11164912280701753
0 0.4083828125 0.5797368421052631 0.038351562499999936 0.0845263157894736
0 0.49289843749999995 0.5669824561403509 0.024148437500000064 0.08771929824561403
0 0.6100859375 0.6100526315789474 0.035507812500000034 0.09410526315789472
0 0.70703125 0.6132456140350877 0.02201562500000005 0.10047368421052628
1 0.4534765625 0.46970175438596495 0.10724218749999999 0.09091228070175447
1 0.6573125 0.5263157894736842 0.10298437499999995 0.09570175438596483
3 0.184375 0.9508771929824561 0.046875 0.09824561403508772
3 0.2517734375 0.937 0.034804687499999966 0.07496491228070179
3 0.28125 0.9545438596491229 0.03267187500000004 0.07815789473684202
3 0.3615078125 0.9282280701754386 0.039773437499999974 0.07336842105263147
3 0.428265625 0.9019122807017544 0.035507812500000034 0.08771929824561403
3 0.47940625 0.8947368421052632 0.049718750000000075 0.09570175438596483
3 0.5191796875 0.8875614035087721 0.038351562499999936 0.10047368421052628
3 0.5656953125 0.8803859649122808 0.029117187499999985 0.09570175438596483
3 0.61825 0.9178596491228069 0.04048437499999995 0.1100526315789474
3 0.677203125 0.9210526315789473 0.0390625 0.09091228070175428
3 0.7155546875 0.9266315789473684 0.027695312500000034 0.09570175438596483
3 0.79921875 0.9526315789473684 0.0578125 0.09473684210526316