2 0.28683333333333333 0.31109375 0.15847222222222218 0.06417968749999999
2 0.5150138888888889 0.3012890625 0.10141666666666664 0.06596093750000005
2 0.73925 0.303515625 0.1283611111111112 0.057937499999999975
0 0.22977777777777778 0.5276953125 0.06972222222222221 0.04278906249999999
0 0.38745833333333335 0.524578125 0.0713055555555556 0.04010937499999993
0 0.6481388888888889 0.5326015625 0.057041666666666734 0.04010937499999993
0 0.8192777777777778 0.5343828125 0.08240277777777767 0.04546093750000004
3 0.25672222222222224 0.696171875 0.09508333333333331 0.06596093750000005
3 0.36763888888888885 0.6787890625 0.09825000000000002 0.057937500000000065
3 0.48333333333333334 0.6814609375 0.07606944444444443 0.04189843750000009
3 0.5752361111111112 0.684578125 0.10141666666666664 0.044570312499999966
3 0.680625 0.679234375 0.0744861111111111 0.055265625000000006
3 0.7907500000000001 0.69215625 0.09191666666666676 0.04189843750000009