2 0.36929687499999997 0.3462135416666667 0.061507812500000016 0.057005208333333356
2 0.5017734375 0.334328125 0.06865625000000009 0.06731250000000001
2 0.67275 0.3035364583333333 0.051230468750000036 0.0758177083333333
0 0.31868359375 0.6127291666666667 0.04882421875 0.06573437500000003
0 0.4261875 0.6073541666666666 0.03987499999999997 0.054984375000000085
0 0.51043359375 0.5413802083333333 0.06773828124999995 0.06723437500000008
0 0.61015625 0.6042135416666666 0.05103906249999994 0.055651041666666616
0 0.72953125 0.61709375 0.05541406250000005 0.06752083333333327
3 0.3732109375 0.8087395833333333 0.07454296874999997 0.06192187499999993
3 0.4493203125 0.804015625 0.05749609375000002 0.059421875000000075
3 0.52848828125 0.7930260416666666 0.06999609375000002 0.07216145833333343
3 0.62315625 0.8088697916666666 0.050999999999999976 0.058713541666666674
3 0.7031171875 0.8227604166666667 0.054671875000000016 0.06913020833333335