2 0.7352108963093146 0.14711189220855303 0.07224956063268895 0.085916813122437
2 0.7425307557117751 0.29876977152899825 0.051748681898066806 0.08983011130638544
2 0.7278822495606329 0.42960749853544233 0.051748681898066806 0.07550087873462204
2 0.7181195079086117 0.5493731693028706 0.04588752196836552 0.06769771528998234
2 0.7151933216168718 0.6567779730521383 0.049797891036906884 0.07159929701230207
2 0.7381370826010546 0.7947627416520212 0.03514938488576451 0.07681312243702389
0 0.5399297012302287 0.1054481546572935 0.044912126537785466 0.036449912126537795
0 0.549701230228471 0.24800234329232573 0.04882249560632683 0.03514938488576451
0 0.5501845342706504 0.3690685413005273 0.038075571177504305 0.019531341534856375
0 0.5521353251318103 0.38859988283538377 0.03417398945518464 0.022132396016403058
0 0.5438400702987698 0.47971880492091395 0.025386643233743556 0.029947275922671324
0 0.5394463971880492 0.5968834212067955 0.026362038664323427 0.03775043936731114
0 0.5453075571177505 0.713403632103105 0.03417398945518464 0.04166373755125955
0 0.5462829525483304 0.8514001171646163 0.038075571177504305 0.02863503222026959
1 0.6029086115992971 0.8025776215582894 0.02050087873462214 0.13669595782073832
1 0.5706854130052725 0.5376567076742824 0.030263620386643274 0.10154657293497357
1 0.5833831282952548 0.4302519039250147 0.03612478031634438 0.07681312243702401
1 0.6029086115992971 0.3020269478617458 0.03417398945518464 0.11456356180433505
1 0.5872847100175748 0.1698886936145284 0.053699472759226555 0.13408318687756302
3 0.39884885764499123 0.15297012302284713 0.040035149384885706 0.05598125366139425
3 0.4130052724077329 0.21545401288810778 0.023435852372583454 0.06378441710603398
3 0.4115377855887522 0.2798945518453427 0.040035149384885796 0.05468072642062095
3 0.41642355008787346 0.35345049794961925 0.0341739894551845 0.04816637375512597
3 0.4222847100175747 0.4165905096660809 0.028312829525483352 0.049466900995899246
3 0.42471880492091396 0.4667018160515524 0.04101054481546562 0.040351493848857584
3 0.41690685413005274 0.514223784417106 0.03319859402460459 0.04166373755125943
3 0.41690685413005274 0.5578324545987113 0.04882249560632697 0.0403514938488577
3 0.42374340949033396 0.6190158172231986 0.031247803163444665 0.05338019917984767
3 0.4208172231985941 0.6834563561804337 0.031247803163444665 0.05988283538371396
3 0.4242355008787347 0.7452958406561219 0.030263620386643274 0.061183362624487356
3 0.4178910369068542 0.8292677211482132 0.03905096660808431 0.0390509666080843