3 0.22640195053988157 0.605703464955529 0.15092998955067918 0.07325709744359564
3 0.34367119470567736 0.5926187567761148 0.12075235109717866 0.04709553033982369
3 0.48879136189481015 0.5383254595493546 0.11842563566701503 0.03793544968872797
3 0.5863183559735283 0.5154370318042003 0.12306513409961689 0.0497093322736838
0 0.7395750609543713 0.47095530339823677 0.08126785092302329 0.0497093322736838
0 0.6803622431208638 0.43759596940752843 0.05109021246952273 0.03270784582100756
0 0.5131731104144897 0.4846914997473521 0.07430163706025783 0.03532164775486767
0 0.4365447579240682 0.5638355384834257 0.09288749564611626 0.06540784238695842
0 0.46673632880529425 0.5167400081436021 0.07430163706025783 0.0497093322736838
2 0.3181191222570533 0.3512541637845183 0.20434691745036576 0.09550188627410579
2 0.49460118425635663 0.32966871237876577 0.1393242772553118 0.06540784238695851
2 0.6571508185301289 0.33163102614292506 0.1393242772553118 0.06148321485863981