2 0.25648624011153537 0.24385101897399858 0.0866995741222091 0.046380885453267774
2 0.3630544666367508 0.2515811665495432 0.08308709186711707 0.036542515811665496
2 0.47430085768231034 0.25723120168657765 0.07140071177189426 0.042572030920590365
2 0.5800111196719415 0.2684118060435699 0.06398609194331788 0.03319044272663385
2 0.6616080626088331 0.26697118763176386 0.07140071177189426 0.0346310611384399
2 0.751089248067463 0.26697118763176386 0.07047049759120798 0.0346310611384399
2 0.8197083485029365 0.248208011243851 0.06861910043547353 0.03607870695713285
0 0.21142052397926206 0.42137737174982426 0.053780829572682855 0.043288826423049855
0 0.30878595195963054 0.42137737174982426 0.031527938881315797 0.03174982431482789
0 0.4358188904599423 0.40695010541110327 0.042654384226999326 0.03319044272663389
0 0.508610407900047 0.4029796205200281 0.034309550217736705 0.03679550245959238
0 0.5313329212845761 0.41885453267744194 0.0370911615541575 0.03246661981728742
0 0.617102281226099 0.4192129304286718 0.03616094737347145 0.03607870695713267
0 0.7042624468358323 0.40695010541110327 0.03245815306200208 0.02886156008432881
0 0.7756631586077267 0.4033380182712579 0.026894930389160375 0.027420941672522802
0 0.8581903157253045 0.37520028109627546 0.0250345020277878 0.0346310611384399
3 0.22578917214889072 0.5627969079409698 0.06954931461615967 0.0404075895994378
3 0.29023585557973286 0.550892480674631 0.07418232310831521 0.03535488404778633
3 0.33149943413852173 0.5447575544624034 0.045435995563420296 0.038959943780744945
3 0.39687633175005005 0.5393464511595221 0.04821760689984115 0.031026001405481375
3 0.431646473455311 0.5324947294448348 0.058422869270476054 0.04184820801124385
3 0.5044379908954157 0.5260014054813773 0.05934405224552462 0.03319044272663394
3 0.5443107637859943 0.5256359803232608 0.042654384226999444 0.03968376669009146
3 0.585113750857259 0.5209486999297258 0.07047049759120798 0.027420941672522757
3 0.6249865237478374 0.5169782150386506 0.04636620974410647 0.03246661981728742
3 0.6931360014901489 0.5205903021784961 0.056562440909103825 0.029585382993675323
3 0.7153888921815158 0.5065214335910049 0.04172417004631315 0.027420941672522757
3 0.744135219726411 0.5039915671117356 0.0435845984076855 0.02813773717498247
3 0.782617186948779 0.4971398453970484 0.04080298707126476 0.02453267744202403
3 0.8229595825325193 0.49677442023893176 0.047287392719154865 0.023808854532677514