2 0.18798286604361372 0.2541017653167186 0.0628426791277259 0.07499480789200416
2 0.371654984423676 0.3178400830737279 0.051413551401869116 0.054330218068535885
2 0.5222157320872274 0.2924350986500519 0.05287772585669774 0.061874350986500556
2 0.6797352024922118 0.3118068535825545 0.0548014018691589 0.05124091381100726
1 0.19297118380062306 0.4960799584631361 0.11491043613707164 0.04044652128764289
1 0.37333722741433023 0.5299792315680166 0.09686137071651091 0.04764278296988588
1 0.5131503115264797 0.512502596053998 0.09030373831775709 0.05758566978193151
1 0.6752492211838006 0.5285410176531672 0.08791277258566979 0.05598650051921077
3 0.1585514018691589 0.7886188992731049 0.06963395638629284 0.03968328141225328
3 0.2542056074766355 0.7798650051921079 0.05556853582554515 0.055846313603323004
3 0.3380023364485981 0.7623468328141225 0.03797897196261681 0.04999480789200419
3 0.40492601246105914 0.7637954309449636 0.030416666666666713 0.041671858774662715
3 0.4706464174454828 0.7597248182762202 0.03559579439252332 0.05821391484942874
3 0.5407048286604361 0.7642834890965733 0.0477725856697818 0.0403946002076843
3 0.6318302180685358 0.7539979231568016 0.034742990654205566 0.03778296988577357
3 0.7019470404984423 0.7599844236760125 0.05208333333333339 0.05199896157840082
0 0.4573559190031153 0.5642159916926273 0.019112149532710277 0.035306334371754865
0 0.5602219626168224 0.570134994807892 0.022838785046729093 0.053883696780893095
0 0.625440031152648 0.567159916926272 0.028699376947040455 0.050176531671858746
0 0.7272040498442368 0.5723416407061266 0.023481308411215096 0.04931464174454826