0 0.4322916666666667 0.48860937499999996 0.052083333333333336 0.059242187499999946
0 0.4973958333333333 0.4931640625 0.057291666666666664 0.076171875
0 0.7478333333333332 0.47525781250000004 0.06336458333333325 0.09114843750000005
0 0.22352083333333334 0.49283593750000004 0.06684375000000002 0.055992187500000054
1 0.30446875 0.4189453125 0.23133333333333336 0.076171875
1 0.6124166666666666 0.40201562500000004 0.2821145833333333 0.08138281250000005
3 0.3930104166666667 0.758140625 0.11675000000000005 0.06705468749999995
3 0.5915833333333332 0.76725 0.12586458333333325 0.07747656250000005
3 0.31055208333333334 0.7387734375 0.11848958333333333 0.0693359375
2 0.2877604166666667 0.1626015625 0.1640625 0.0888671875
2 0.5933125 0.10025781250000002 0.16059375000000006 0.09114843750000001