1 0.325390625 0.475 0.12734375 0.075
1 0.4578125 0.4597222222222222 0.1015625 0.08611111111111111
1 0.578515625 0.4479166666666667 0.10390625 0.08472222222222223
1 0.262109375 0.5680555555555555 0.04609375 0.09444444444444444
1 0.383203125 0.5493055555555556 0.03046875 0.08194444444444444
1 0.412890625 0.5409722222222222 0.04140625 0.09027777777777778
1 0.5125 0.5375 0.0234375 0.07777777777777778
1 0.530078125 0.5527777777777778 0.03046875 0.08055555555555556
1 0.634375 0.5597222222222222 0.0328125 0.06944444444444445
3 0.290625 0.9097222222222222 0.0421875 0.08888888888888889
3 0.3609375 0.8861111111111111 0.05 0.08611111111111111
3 0.4265625 0.8888888888888888 0.0453125 0.08055555555555556
3 0.48671875 0.8743055555555556 0.0484375 0.08194444444444444
3 0.554296875 0.8486111111111111 0.04296875 0.07777777777777778
3 0.5984375 0.8493055555555555 0.046875 0.08194444444444444
2 0.3265625 0.14652777777777778 0.090625 0.10416666666666667
2 0.470703125 0.11458333333333333 0.08359375 0.10138888888888889
2 0.58515625 0.12291666666666666 0.065625 0.09861111111111111