0 0.1172283193458145 0.5425952227243382 0.06476436410587476 0.06701743060038723
0 0.30413600172154076 0.5558102001291155 0.06476436410587473 0.060251775338928226
0 0.481213686249193 0.5444351194318916 0.035248547449967776 0.07070367979341512
0 0.5183042823326877 0.5382892188508716 0.04303851947493005 0.05841187863137502
0 0.6683279535183989 0.5370561652679148 0.03812352055089292 0.05595222724338296
0 0.6931267484398537 0.5133892834086508 0.031151280395954474 0.04918657198192378
0 0.8628190230256079 0.5588831504196257 0.06558209597589837 0.05164622336991602
3 0.1762513449537336 0.7179728857327309 0.09427157305788678 0.0581020012911555
3 0.2690940391650527 0.7148999354422209 0.08566386916290077 0.0740865074241448
3 0.3486120077469335 0.7288896061975467 0.08730794060684323 0.06333118140735952
3 0.4644028405422853 0.7338089089735313 0.07542070152786735 0.06578437701743063
3 0.5502819023025608 0.7138218205293738 0.04795351839896706 0.05902517753389276
3 0.6388121368624919 0.708599096191091 0.07746933505487401 0.04488056810845702
3 0.714439423283839 0.7058295674628792 0.0836152356358942 0.06517107811491271
3 0.8140391650527222 0.7382633957391865 0.05164622336991608 0.05441575209812779
2 0.17317839466322357 0.2875919948353777 0.12009468474284485 0.06794060684312457
2 0.38078760490639124 0.2643770174306004 0.11476651603184855 0.06763072950290505
2 0.5951624704110178 0.28328599096191087 0.12542285345384124 0.06670755326016789
2 0.8101484828921885 0.2683731439638476 0.08566386916290085 0.0497998708844416