2 0.39236458333333335 0.3828125 0.09028124999999995 0.049476562499999946
2 0.5130208333333334 0.39974218750000007 0.09895833333333333 0.0546875
2 0.68403125 0.3893203125 0.08680208333333325 0.05728906250000003
0 0.3020833333333333 0.57421875 0.07291666666666667 0.041664062499999946
0 0.43663541666666666 0.5729140625 0.036458333333333336 0.044273437500000054
0 0.5677083333333334 0.5787734375 0.041666666666666664 0.040367187500000054
0 0.61371875 0.591796875 0.03992708333333326 0.048179687500000054
0 0.74565625 0.599609375 0.05382291666666674 0.040367187500000054
3 0.30642708333333335 0.7278671875 0.05382291666666662 0.0546875
3 0.37586458333333334 0.7239609375 0.057291666666666664 0.0390625
3 0.44444791666666666 0.7239609375 0.052083333333333336 0.044273437500000054
3 0.5390625 0.7389296875 0.06770833333333333 0.037757812499999946
3 0.6258645833333334 0.7513046875 0.05382291666666674 0.041664062499999946
3 0.70659375 0.755859375 0.05903125000000008 0.040367187500000054