3 0.49956640625000004 0.8752916666666667 0.06683984375000004 0.12905208333333343
3 0.49858984375000004 0.6532135416666667 0.07921093750000008 0.10329687499999997
3 0.6356328125 0.5813072916666666 0.138453125 0.15219791666666657
3 0.6950937500000001 0.853296875 0.1532109375000001 0.140625
1 0.41492968750000003 0.53009375 0.18402734375000004 0.06713020833333326
1 0.80501171875 0.22945833333333335 0.212890625 0.12210416666666664
0 0.564453125 0.2625885416666667 0.09505078124999997 0.05816145833333331
0 0.20573046874999998 0.8700833333333333 0.09895703124999997 0.2228020833333332
0 0.41644921874999996 0.423609375 0.05425390624999995 0.041666666666666664
2 0.24956640624999998 0.2764739583333334 0.181421875 0.16927083333333334
2 0.37586718750000003 0.3385416666666667 0.07465234375000004 0.09375
2 0.7126718750000001 0.03109375 0.15277734375000004 0.0621875