3 0.1492136831565238 0.7855769938334288 0.12041806009122975 0.06671866798141675
3 0.2696317432477536 0.7849255056637281 0.12390494826604541 0.06802949357587541
3 0.4520075130398361 0.8365971517015712 0.08725597345567117 0.08241717809469136
3 0.5322792390102158 0.8261340947110738 0.06631370213545727 0.09288023508518888
3 0.6352523870917075 0.7777277387767916 0.055842566475350235 0.06671866798141683
3 0.7888220626828358 0.791463935125907 0.08028219710603986 0.06540784238695842
0 0.39615447542882565 0.611590406248007 0.07678483779556419 0.07980337616083125
0 0.6143101157714935 0.599816523663051 0.06282681396064162 0.05886941292477952
0 0.8394395324637927 0.5952325587099749 0.041884542640427666 0.0627940404530983
0 0.08638686919588222 0.5900049548422545 0.05759124613058816 0.0627940404530983
1 0.17452241804700225 0.5193616593325189 0.2513072558425664 0.08372800368914986
2 0.12827141183630997 0.22893922223693958 0.16230260273165747 0.09680486261350758
2 0.5034836159449217 0.24921384804823365 0.16230260273165747 0.09550188627410579
2 0.7722462549328865 0.27603475257676324 0.13088919575133667 0.08895560755687036