2 0.3033645833333333 0.3573515625 0.09021875000000001 0.054976562500000006
2 0.4871875 0.3493203125 0.09698958333333335 0.05075000000000003
2 0.6456354166666666 0.3636953125 0.1116458333333334 0.05920312499999998
0 0.25205208333333334 0.5497734375000001 0.05526041666666668 0.05075000000000003
0 0.4082395833333334 0.55696875 0.04285416666666665 0.061742187499999976
0 0.55315625 0.5586562500000001 0.05526041666666662 0.07358593750000005
0 0.7403645833333333 0.5650000000000001 0.053000000000000116 0.07274218749999992
3 0.29152083333333334 0.720625 0.06879166666666663 0.043984374999999964
3 0.3569270833333333 0.7273984375 0.062020833333333296 0.04567187500000003
3 0.45447916666666666 0.7295078125 0.03834375000000006 0.04313281250000003
3 0.5210208333333333 0.7290859375000001 0.08119791666666672 0.03890624999999996
3 0.5982708333333334 0.750234375 0.04623958333333344 0.06258593749999992
3 0.6986354166666667 0.7586875 0.062020833333333296 0.05075000000000003