2 0.2801666666666666 0.37158203125 0.14105729166666664 0.0771484375
2 0.451171875 0.372234375 0.10807291666666667 0.06282421874999997
2 0.5581614583333334 0.36979296875 0.0850677083333333 0.05989453124999997
2 0.6273854166666666 0.3427734375 0.08550520833333337 0.048828125
2 0.6953125 0.39371875 0.078125 0.03548046874999997
0 0.2886302083333333 0.73405078125 0.07204687499999997 0.05012890624999997
0 0.34895312500000003 0.677296875 0.040895833333333326 0.04700000000000006
0 0.40700520833333337 0.63870703125 0.05409374999999995 0.05887499999999992
0 0.505953125 0.6251015625 0.05409374999999995 0.05244140625
0 0.5389322916666667 0.60926953125 0.056729166666666705 0.056398437500000044
0 0.6022604166666666 0.5868828125000001 0.040895833333333326 0.027953124999999978
0 0.6599791666666667 0.55633203125 0.025723958333333265 0.03957812500000006
0 0.676140625 0.55806640625 0.030343750000000114 0.04007421875000006
0 0.7300677083333333 0.5502734375 0.033312500000000016 0.03784765624999995
3 0.25099479166666666 0.96055078125 0.11016145833333332 0.07889843749999984
3 0.32026041666666666 0.8889453125 0.1220364583333333 0.04551562500000017
3 0.4294322916666667 0.84070703125 0.06728645833333337 0.06481250000000002
3 0.47280729166666663 0.7992734375 0.08080729166666671 0.06060546875000004
3 0.5328333333333333 0.7598203125 0.07420833333333335 0.048484374999999955
3 0.599625 0.7301328125000001 0.07519791666666673 0.030671874999999994
3 0.6329375 0.700203125 0.08245833333333343 0.04501953125
3 0.6563541666666667 0.6809062499999999 0.06200520833333343 0.036117187500000016
3 0.7003854166666666 0.6685390625000001 0.07684895833333343 0.04106249999999996