2 0.24305208333333334 0.4184609375 0.11111458333333335 0.0615234375
2 0.40798958333333335 0.41666406250000004 0.1076354166666667 0.044273437500000054
2 0.5961354166666666 0.4165078125 0.07508333333333325 0.0498046875
2 0.6924895833333333 0.4165078125 0.10112499999999992 0.0498046875
0 0.19878125000000002 0.60709375 0.053822916666666686 0.046226562500000054
0 0.2890625 0.6044921875 0.046875 0.033203125
1 0.23155208333333333 0.5961953125 0.1375833333333333 0.0498046875
3 0.22721875 0.813640625 0.06640625 0.055015625000000054
3 0.33984375 0.8014296875 0.049479166666666664 0.040367187500000054
3 0.36003124999999997 0.8227578125000001 0.07161458333333333 0.0576171875
3 0.46007291666666666 0.8221015625 0.0763854166666667 0.056312499999999946
3 0.53515625 0.7906875 0.06510416666666667 0.054039062500000054
3 0.63346875 0.80078125 0.06640625 0.0546875
3 0.6953125 0.7869453125 0.057291666666666664 0.056312499999999946
3 0.73828125 0.814453125 0.06510416666666667 0.04296875