2 0.38059375 0.37315234375 0.08410416666666667 0.035371093749999985
2 0.5659739583333334 0.34652734375 0.08852083333333335 0.05036718750000002
1 0.37107812500000004 0.56159765625 0.15797916666666664 0.030503906250000056
1 0.5572083333333333 0.55337109375 0.15016666666666675 0.044394531250000036
0 0.274484375 0.59517578125 0.03693229166666671 0.04090624999999992
0 0.4353697916666667 0.605421875 0.03318229166666668 0.036328125
0 0.46767187499999996 0.59812890625 0.03268229166666667 0.03626171874999997
0 0.63915625 0.6018984374999999 0.04484374999999995 0.05567578125000008
3 0.31162500000000004 0.771671875 0.07074479166666663 0.04286328125000001
3 0.4080989583333333 0.77987890625 0.057822916666666654 0.047402343749999964
3 0.49694791666666666 0.77834375 0.06836458333333333 0.04433203124999992
3 0.5913541666666667 0.7922265625 0.08121354166666658 0.06022265625000003