3 0.2921875 0.9138888888888889 0.0453125 0.09444444444444444
3 0.362109375 0.8923611111111112 0.04609375 0.0875
3 0.42734375 0.8784722222222222 0.0359375 0.08472222222222223
3 0.485546875 0.8708333333333333 0.04765625 0.08333333333333333
3 0.5578125 0.8527777777777777 0.0515625 0.08888888888888889
3 0.598828125 0.8451388888888889 0.04296875 0.08194444444444444
0 0.266015625 0.5638888888888889 0.04765625 0.08055555555555556
0 0.383984375 0.5527777777777778 0.02890625 0.08888888888888889
0 0.409375 0.5430555555555555 0.0234375 0.05
0 0.512890625 0.5395833333333333 0.03671875 0.07361111111111111
0 0.6390625 0.5638888888888889 0.0359375 0.06666666666666667
1 0.321484375 0.47291666666666665 0.11796875 0.05416666666666667
1 0.462890625 0.4673611111111111 0.10234375 0.0763888888888889
1 0.589453125 0.45625 0.10703125 0.06805555555555555
2 0.31796875 0.1284722222222222 0.090625 0.11527777777777778
2 0.458984375 0.1125 0.07734375 0.10277777777777777
2 0.58125 0.13125 0.078125 0.08194444444444444