3 0.328125 0.8391953125 0.09028124999999995 0.07942968750000005
3 0.44096874999999996 0.8463515625 0.11805208333333338 0.059898437500000054
3 0.5520833333333334 0.83984375 0.12846874999999994 0.06510156249999995
3 0.69184375 0.8450546875 0.11632291666666675 0.06510156249999995
1 0.34201041666666665 0.5416640625 0.22221875000000005 0.0625
1 0.6189270833333332 0.5299453125 0.2517395833333334 0.0546875
0 0.26648958333333334 0.58984375 0.08159374999999998 0.0546875
0 0.4635416666666667 0.5865859375 0.052083333333333336 0.055992187500000054
0 0.5078125 0.5833359375 0.05382291666666674 0.0546875
0 0.7265625 0.576171875 0.05382291666666674 0.061195312499999946
2 0.35590625000000004 0.2415390625 0.12153124999999995 0.09505468749999997
2 0.6119791666666666 0.2467421875 0.140625 0.08463281250000003