3 0.2247850529100529 0.636892361111111 0.052275132275132266 0.04878968253968256
3 0.2904199735449735 0.6416865079365079 0.06273148148148151 0.028752480158730265
3 0.40600859788359783 0.6373288690476191 0.04995370370370367 0.039206349206349245
3 0.4635119047619048 0.6342807539682539 0.06505291005290997 0.045305059523809456
3 0.5384391534391534 0.6316666666666666 0.04530423280423275 0.04704861111111107
3 0.6052380952380951 0.640813492063492 0.06273148148148143 0.03572172619047613
3 0.6946858465608465 0.6395064484126983 0.07434854497354498 0.04182043650793652
3 0.7951719576719576 0.6538839285714285 0.07783399470899469 0.03223710317460302
1 0.2660251322751323 0.4874727182539682 0.14637235449735453 0.030493551587301583
1 0.432146164021164 0.4774528769841269 0.12778439153439153 0.033107638888889034
1 0.5872321428571429 0.4892137896825396 0.11036044973544978 0.021780753968253918
1 0.7597420634920635 0.48268105158730157 0.16263558201058217 0.03659226190476197
0 0.5314715608465608 0.5210143849206349 0.026719576719576803 0.03310763888888886
0 0.6389252645502645 0.5131746031746032 0.030205026455026502 0.017425595238095327
2 0.23988756613756615 0.3354365079365079 0.11036044973544976 0.0522767857142858
2 0.43911706349206353 0.3371800595238095 0.07202380952380961 0.043563988095238135
2 0.5872321428571429 0.3397916666666666 0.05227513227513233 0.04182043650793652
2 0.774262566137566 0.32803075396825393 0.07550925925925919 0.0444345238095238