2 0.14583333333333334 0.4765625 0.11458333333333333 0.0625
2 0.32508333333333334 0.4679375 0.08246874999999995 0.043296875000000054
2 0.44878124999999996 0.4829140625 0.0642395833333333 0.0341796875
2 0.5685729166666668 0.491375 0.07465625000000008 0.035484375000000054
2 0.691625 0.4541015625 0.08897916666666675 0.052734375
2 0.8341979166666668 0.45865625000000004 0.08507291666666675 0.030601562500000058
3 0.05034375 0.8759765625 0.059031249999999987 0.037109375
3 0.15190625000000002 0.8600234375 0.08507291666666668 0.048179687500000054
3 0.24978124999999998 0.8435859375 0.08029166666666665 0.060218749999999946
3 0.34591666666666665 0.8208046875000001 0.09288541666666662 0.0458984375
3 0.4088541666666667 0.79525 0.057291666666666664 0.047523437499999946
3 0.4739583333333333 0.7858046875 0.07291666666666667 0.040367187500000054
3 0.5177916666666667 0.781578125 0.05121874999999996 0.035804687499999946
3 0.58984375 0.7779921875 0.049479166666666664 0.024742187500000058
3 0.6543020833333333 0.7838515625 0.045572916666666664 0.036460937500000054
3 0.7211354166666666 0.7908515625 0.0646666666666666 0.048499999999999946
3 0.7871145833333333 0.8056640625 0.061197916666666664 0.044921875
3 0.8754375 0.818359375 0.07898958333333325 0.04296875