2 0.33837890625 0.3697916666666667 0.1611328125 0.15625
2 0.455078125 0.3899739583333333 0.080078125 0.07942708333333333
2 0.82421875 0.059895833333333336 0.15625 0.11979166666666667
0 0.6708984375 0.10416666666666667 0.099609375 0.09375
0 0.63623046875 0.3509114583333333 0.1005859375 0.07421875
3 0.7333984375 0.6829427083333334 0.12890625 0.10807291666666667
3 0.81396484375 0.9563802083333334 0.1259765625 0.08723958333333333
3 0.60546875 0.94921875 0.087890625 0.1015625
3 0.6005859375 0.7220052083333334 0.107421875 0.08463541666666667
1 0.51904296875 0.6015625 0.1669921875 0.07552083333333333
1 0.9052734375 0.306640625 0.189453125 0.11328125
0 0.38623046875 0.9401041666666666 0.0888671875 0.11979166666666667