2 0.31684375000000004 0.2181015625 0.17882291666666664 0.08724218749999997
2 0.5928854166666666 0.2200546875 0.1579895833333334 0.078125
1 0.34721874999999996 0.5123671875 0.23958333333333334 0.08724218750000005
1 0.6258645833333334 0.51171875 0.1892395833333334 0.0625
0 0.19965624999999998 0.587890625 0.07986458333333335 0.08463281249999995
0 0.45226041666666666 0.5872421875 0.07117708333333338 0.07552343750000005
0 0.51215625 0.603515625 0.04861458333333329 0.06900781249999995
0 0.72221875 0.5891953125 0.06944791666666675 0.06900781249999995
3 0.27951041666666665 0.8548203125 0.13194791666666664 0.10807031249999995
3 0.40798958333333335 0.8509140625 0.07291666666666667 0.09244531249999995
3 0.56596875 0.8307265625 0.08680208333333325 0.07291406249999995
3 0.6901041666666666 0.8313828125 0.109375 0.07161718750000005