3 0.20948611111111112 0.7818984375 0.0856527777777778 0.07161718750000005
3 0.3298611111111111 0.79296875 0.0763888888888889 0.07552343750000005
3 0.4166666666666667 0.7858046875 0.13426388888888882 0.06380468750000005
3 0.5833333333333334 0.8138046875 0.10184722222222228 0.07552343750000005
3 0.665513888888889 0.794921875 0.08565277777777772 0.05859375
3 0.7951388888888888 0.7766953125 0.09954166666666676 0.06900781249999995
0 0.13656944444444444 0.5904921875 0.07406944444444447 0.053382812499999946
0 0.3611111111111111 0.6002578125 0.09259722222222216 0.06510156249999995
0 0.6261527777777778 0.59375 0.11805555555555555 0.0703125
0 0.8530138888888888 0.5813828125 0.07176388888888899 0.07421875
2 0.2199027777777778 0.2806015625 0.19444444444444445 0.07682031250000003
2 0.4745416666666667 0.3092421875 0.1990694444444445 0.09505468749999997
2 0.7546250000000001 0.2916640625 0.19444444444444445 0.09635156250000003