2 0.08349609375 0.3736979166666667 0.0810546875 0.0703125
2 0.18212890625 0.3736979166666667 0.0693359375 0.052083333333333336
2 0.701171875 0.34375 0.0859375 0.09895833333333333
0 0.0810546875 0.6393229166666666 0.048828125 0.049479166666666664
0 0.13623046875 0.6100260416666666 0.0244140625 0.045572916666666664
0 0.17724609375 0.5826822916666666 0.0224609375 0.04296875
0 0.20947265625 0.572265625 0.0185546875 0.048177083333333336
3 0.0810546875 0.8313802083333334 0.06640625 0.053385416666666664
3 0.1162109375 0.7994791666666666 0.052734375 0.046875
3 0.16650390625 0.775390625 0.0458984375 0.05078125
3 0.18603515625 0.7428385416666666 0.0517578125 0.045572916666666664
3 0.66943359375 0.8313802083333334 0.0654296875 0.053385416666666664
3 0.685546875 0.8782552083333334 0.07421875 0.06380208333333333