2 0.2706145833333334 0.2255859375 0.11154687500000003 0.095703125
2 0.478296875 0.2587890625 0.09201562500000003 0.052734375
2 0.6158854166666666 0.248046875 0.11197916666666667 0.05859375
3 0.24261979166666667 0.69205859375 0.06336979166666665 0.05598828124999997
3 0.3695729166666667 0.673828125 0.06988020833333337 0.04296875
3 0.4338125 0.66178515625 0.0420989583333333 0.04622265624999997
3 0.5223541666666667 0.65169140625 0.06293229166666663 0.04557421875000003
3 0.6015625 0.64420703125 0.046875 0.04231640624999997
3 0.6647135416666666 0.6443671875 0.06640625 0.03678515625000003
0 0.5588125 0.4736328125 0.0420989583333333 0.044921875
0 0.6940104166666666 0.47135546875 0.0390625 0.04426953124999997