2 0.1855799373040752 0.5282784130768589 0.04781609195402296 0.022393924676586175
2 0.4120515499825845 0.3624629000053963 0.11172413793103446 0.04085537256979704
0 0.45808429118773947 0.3992994539861951 0.0572762103796587 0.026499085071207507
0 0.5077115987460815 0.4071251612776624 0.05212121212121209 0.032456669659195136
0 0.14658307210031346 0.5749422343885675 0.023350748867990212 0.010847670488272617
1 0.46358760013932426 0.4842676399742937 0.22134447927551373 0.04671091684204841
1 0.1775827237896203 0.5803503711225906 0.04122605363984672 0.012707943936695752
3 0.13648206199930335 0.6346515176044073 0.031138975966562142 0.021326425988883537
3 0.15820271682340645 0.6406483484676783 0.02980146290491119 0.010620042091630165
3 0.5189132706374084 0.648246427362503 0.09893416927899684 0.040109693339416407
3 0.5235109717868338 0.5723205831996506 0.08872169975618252 0.042998219200259015