1 0.36582259953161594 0.28509765625 0.10436182669789228 0.02069824218750007
1 0.5274370608899298 0.2350390625 0.07784689695550344 0.0109130859375
0 0.46566891100702573 0.2339111328125 0.02876902810304439 0.0154296875
0 0.4614388173302108 0.22055175781249997 0.03610216627634655 0.015053710937500053
0 0.40841627634660416 0.24971679687499998 0.03610216627634655 0.0109130859375
2 0.3573624121779859 0.21471679687499998 0.06036299765807957 0.027475585937500036
2 0.5065720140515222 0.1719970703125 0.0620535714285714 0.03462402343749997
3 0.4239241803278688 0.37580078125 0.05133196721311486 0.018442382812500036
3 0.46820843091334896 0.3522802734375 0.04512587822014054 0.012797851562500018
3 0.4885172716627635 0.3364697265625 0.04626024590163937 0.016562500000000036
3 0.46651785714285715 0.3280029296875 0.039490632318501195 0.014677734374999928