3 0.12326041666666666 0.7615546875 0.09028125 0.052406249999999946
3 0.22201041666666665 0.74446875 0.07682291666666667 0.039710937499999946
3 0.3817291666666666 0.7389296875 0.05252083333333329 0.048179687500000054
3 0.4583333333333333 0.7408828125 0.041666666666666664 0.044273437500000054
3 0.51909375 0.735515625 0.0798645833333333 0.039390625000000054
3 0.5996145833333333 0.7734375 0.07161458333333333 0.0625
3 0.6940104166666666 0.804359375 0.09114583333333333 0.050132812500000054
3 0.7634583333333332 0.82421875 0.07378124999999992 0.0703125
1 0.16471875 0.563640625 0.12890625 0.039390625000000054
1 0.5620625 0.551921875 0.13976041666666675 0.047203125000000054
0 0.20877083333333332 0.542640625 0.058156249999999986 0.042320312500000054
0 0.21658333333333332 0.595375 0.05294791666666665 0.061851562500000054
0 0.4973958333333333 0.5830078125 0.036458333333333336 0.044921875
0 0.62065625 0.5903359375 0.07465625000000008 0.0458984375
2 0.17686458333333333 0.387046875 0.10112499999999998 0.05142968750000003
2 0.40603125 0.400390625 0.09070833333333338 0.04296875
2 0.44575000000000004 0.3671875 0.06336458333333338 0.0234375
2 0.55903125 0.359046875 0.08680208333333325 0.06575781249999997
2 0.7239583333333334 0.3977890625 0.10416666666666667 0.06119531250000003