3 0.33984375 0.9428969359331476 0.0609375 0.11420612813370473
3 0.40498442367601245 0.8892822742300784 0.06230529595015573 0.09857773843924364
3 0.44898753894081 0.844852870989856 0.035046728971962614 0.10690825154678538
3 0.4914330218068536 0.7900103263652062 0.05607476635514015 0.09441248188547292
3 0.5385514018691588 0.7594651116375531 0.027258566978193066 0.08052829337290326
3 0.5759345794392523 0.7441925042737267 0.04283489096573216 0.08608196877793112
3 0.6063084112149533 0.7261430592073864 0.02414330218068539 0.06664410486033367
3 0.6651090342679128 0.7067051952897891 0.049844236760124616 0.06386726715781986
1 0.3422897196261682 0.5491196556721248 0.16588785046728968 0.09580090073672984
1 0.4750778816199377 0.49358290162184676 0.11526479750778815 0.07358619911661858
1 0.566588785046729 0.4533187549353951 0.09112149532710276 0.07080936141410461
1 0.6584890965732086 0.4352693098690547 0.09579439252336445 0.07080936141410461
0 0.29127725856697817 0.6685236768802229 0.07165109034267916 0.09857773843924364
0 0.40264797507788164 0.5935490589123473 0.032710280373831814 0.08469354992667413
0 0.4357476635514018 0.5991027343173752 0.04283489096573216 0.08469354992667413
0 0.5323208722741433 0.575499613846007 0.03971962616822431 0.06247884830656288
0 0.604361370716511 0.5289875823288991 0.034267912772585694 0.061090429455305975
2 0.33216510903426794 0.10066036671612909 0.1316199376947041 0.20132073343225818
2 0.4797507788161994 0.14508976995635156 0.07165109034267907 0.1624450055970635
2 0.5786604361370716 0.14925502651012243 0.09190031152647968 0.13745346627443836
2 0.6756230529595015 0.17494077525837606 0.06775700934579447 0.12495769661312577