2 0.2321978404737025 0.34442531188524383 0.14634622082897944 0.05535294665940613
2 0.517798676419366 0.3619919447019981 0.16172762103796587 0.09230723946605449
2 0.7932149076976663 0.33665454937917294 0.11501219087425972 0.06153031038897968
1 0.25010101010101005 0.5332077452524271 0.22389411354928598 0.0564439931122787
1 0.5233716475095785 0.5347697470086978 0.23393939393939386 0.04509397030038113
1 0.7792267502612328 0.5336159065153723 0.22516196447230932 0.051836480394032554
3 0.16718913270637406 0.7399178771689698 0.12874956461163356 0.04813948126235639
3 0.3219226750261233 0.7475709008491912 0.1297944966910484 0.05439533754249627
3 0.469536746778126 0.7508754372280355 0.11981887843956811 0.03565916572230327
3 0.5687634970393591 0.746840920128924 0.10626262626262625 0.04388518502165907
3 0.7159735283873214 0.7363935616485396 0.08582375478927197 0.05014889055685565
3 0.8135980494601184 0.7514170358269435 0.08509926854754421 0.05484274508072465