2 0.2789895833333333 0.38607812499999994 0.07294791666666664 0.04217968750000001
2 0.3974375 0.38277343750000004 0.06164583333333328 0.03557031249999998
2 0.5041145833333334 0.40268750000000003 0.04465625 0.026734375000000022
2 0.5956458333333334 0.3983046875 0.06387499999999993 0.031343750000000004
2 0.7300104166666667 0.3900234375 0.05034374999999992 0.03424999999999993
2 0.8065625 0.39871875 0.06881249999999994 0.029749999999999943
1 0.2895625 0.5168359375 0.09896875 0.026304687500000055
1 0.4070625 0.5045234375 0.093875 0.0357421875
1 0.49410416666666657 0.5056484375 0.09113541666666668 0.029468750000000023
1 0.5964166666666666 0.515859375 0.09787500000000003 0.03408593750000009
1 0.7275416666666668 0.5024140625 0.09570833333333345 0.029085937500000013
1 0.82696875 0.5116015625 0.09827083333333325 0.03286718749999995
3 0.2658020833333333 0.6584218749999999 0.048197916666666646 0.027210937499999942
3 0.3355208333333334 0.6544765625 0.056229166666666684 0.020546874999999964
3 0.3846979166666667 0.6488515625 0.03454166666666663 0.028749999999999963
3 0.4384895833333333 0.64225 0.049666666666666616 0.03259375000000002
3 0.47667708333333336 0.641625 0.03843749999999998 0.03863281250000004
3 0.5228958333333333 0.638875 0.049781249999999964 0.028273437500000043
3 0.5601458333333333 0.6384921875 0.04479166666666667 0.031156250000000087
3 0.6202187499999999 0.6354375 0.06273958333333335 0.03356250000000003
3 0.6896458333333333 0.6398515625 0.03937499999999995 0.02778906249999995
3 0.7634583333333332 0.6420390625 0.05235416666666666 0.03337500000000002
3 0.8163750000000001 0.64146875 0.04463541666666657 0.03588281250000005
3 0.8805833333333334 0.6585390624999999 0.041666666666666664 0.03596093749999998