2 0.2100677083333333 0.24479296874999998 0.20833333333333334 0.13801953124999997
2 0.5052083333333334 0.17708203125 0.1875 0.13020703125000002
2 0.8020833333333334 0.248046875 0.17014062500000005 0.08984375
0 0.09982812499999998 0.6484375 0.109375 0.08073046875000003
0 0.3585052083333334 0.60286328125 0.046875 0.08854296875000003
0 0.4149322916666666 0.59114453125 0.10764062500000003 0.07551953124999997
0 0.5980885416666666 0.57487109375 0.0850677083333333 0.09505078124999997
0 0.6953125 0.61588671875 0.07465104166666663 0.06770703124999997
0 0.8567708333333334 0.61198046875 0.078125 0.0703125
3 0.2109375 0.88216015625 0.11284895833333337 0.09505078124999997
3 0.3506927083333334 0.87109375 0.09722395833333337 0.07551953124999997
3 0.4348958333333333 0.84244921875 0.08854166666666667 0.09635546875000003
3 0.5546875 0.830078125 0.11979166666666667 0.08203125
3 0.6909739583333334 0.83268359375 0.07639062500000003 0.08463671875000003
3 0.8081614583333334 0.83658984375 0.12326562500000003 0.09765625