2 0.2230625 0.21409375 0.10237499999999997 0.10267708333333332
2 0.385640625 0.2598020833333333 0.08378125 0.09513541666666665
2 0.473046875 0.26134375 0.0652265625 0.06957291666666662
2 0.5353515625 0.2661145833333333 0.058992187499999994 0.058270833333333334
2 0.6002578125 0.26178125 0.05792968750000007 0.07825
2 0.6786015625 0.28485416666666663 0.06813281250000003 0.06970833333333329
2 0.7545703125000001 0.27784375 0.08140625000000004 0.07651041666666672
2 0.835984375 0.27969791666666666 0.09580468750000008 0.09326041666666664
0 0.168578125 0.589625 0.048093750000000005 0.08549999999999992
0 0.305 0.5645416666666667 0.031882812499999955 0.06918750000000008
0 0.33392187500000003 0.571875 0.042851562500000016 0.07604166666666666
0 0.43867968749999997 0.5561458333333333 0.021890624999999986 0.06281249999999995
0 0.51053125 0.5525208333333332 0.026914062500000037 0.05556249999999992
0 0.549328125 0.5418541666666666 0.03420312499999998 0.055072916666666555
0 0.64340625 0.54078125 0.027054687500000084 0.06333333333333328
0 0.668796875 0.5970520833333333 0.027054687500000084 0.07170833333333325
0 0.737828125 0.6660520833333333 0.03816406249999993 0.0742916666666666
0 0.908140625 0.7047916666666667 0.04479687500000011 0.08665625000000006
2 0.224125 0.8194895833333333 0.053726562499999984 0.07127083333333341
2 0.2759375 0.8189895833333334 0.05967968749999999 0.09371875000000003
2 0.344578125 0.8248854166666667 0.04071093750000001 0.08206249999999997
2 0.38975 0.7734479166666667 0.0548828125 0.07293749999999997
2 0.44990625 0.7380625 0.0287109375 0.0646666666666666
2 0.48690625 0.7368020833333334 0.026554687500000007 0.05433333333333342
2 0.505109375 0.7161145833333333 0.019992187499999935 0.05723958333333338
2 0.5495390625 0.7178645833333334 0.03853124999999995 0.03990624999999994
2 0.5780078125 0.7326354166666668 0.03882812500000003 0.05120833333333342
2 0.6183359375 0.7461249999999999 0.029648437500000034 0.0547604166666666
2 0.672453125 0.760125 0.03631250000000001 0.05671875000000005
2 0.6895390625 0.8187083333333334 0.07244531250000001 0.06450000000000007
2 0.74325 0.8470520833333333 0.03142968750000001 0.0717187499999999
2 0.7665859375 0.905625 0.06246875000000003 0.07165624999999996
2 0.8347421875000001 0.9609375 0.04838281249999987 0.078125