2 0.16265625 0.28250390625 0.09614583333333335 0.05980078124999997
2 0.36885937500000004 0.326671875 0.13702604166666663 0.08042968750000004
2 0.554796875 0.31219921875 0.09917708333333337 0.07231640625000005
2 0.7878802083333334 0.3303203125 0.10701562499999989 0.056472656249999975
3 0.11623437499999997 0.73193359375 0.09010937499999999 0.06282421874999997
3 0.20666666666666667 0.7391015624999999 0.059171875000000006 0.04851171875000002
3 0.306078125 0.74574609375 0.07743229166666671 0.05399218749999992
3 0.40159895833333337 0.74925 0.08097395833333335 0.04798046874999997
3 0.47090624999999997 0.73809375 0.07375520833333328 0.02826953124999996
3 0.5988541666666667 0.7493046875 0.07271354166666673 0.058503906249999994
3 0.6707239583333333 0.7505195312499999 0.08450520833333333 0.05833593750000006
3 0.799796875 0.76628515625 0.1308437499999999 0.06902734375000001