3 0.39373958333333337 0.17971874999999998 0.19026041666666665 0.0703671875
3 0.6414583333333332 0.1499765625 0.1787499999999999 0.09422656250000001
0 0.28109375000000003 0.56178125 0.10384375000000005 0.06887500000000006
0 0.5001770833333333 0.5567578125 0.059375 0.06664843749999996
0 0.5568020833333333 0.5322421875 0.10318749999999995 0.09052343749999991
0 0.75809375 0.5197109375 0.07521875000000004 0.07067968750000002
1 0.395125 0.4674765625 0.24163541666666669 0.04953125000000007
1 0.64978125 0.45978125 0.19885416666666675 0.06539062500000004
3 0.354625 0.8422890625000001 0.10508333333333333 0.08042187500000005
3 0.47161458333333334 0.8222421875 0.1515625 0.0793828125000001
3 0.6073333333333333 0.81678125 0.1000729166666666 0.09189062499999992
3 0.6799895833333333 0.803984375 0.17246874999999992 0.06889843750000005