2 0.41662499999999997 0.369046875 0.10409374999999994 0.05580468750000005
2 0.6150729166666667 0.395 0.0738958333333334 0.04260937499999997
0 0.34990625000000003 0.5786171875 0.05050000000000002 0.05307031250000005
0 0.5077291666666667 0.5628984375 0.03628125000000004 0.04246874999999992
0 0.5522083333333333 0.5802578125 0.03496874999999993 0.04332812500000003
0 0.6750520833333333 0.5880625 0.03761458333333323 0.04070312499999993
3 0.37622916666666667 0.7230546875 0.06496875 0.04507812500000004
3 0.46454166666666663 0.7225312500000001 0.050614583333333366 0.03620312499999993
3 0.57709375 0.7178046874999999 0.0569583333333334 0.0423828125
3 0.6521458333333333 0.7179765625 0.0612395833333333 0.042726562500000044
1 0.6203020833333334 0.5546484375 0.13295833333333343 0.03117187500000007