3 0.09387896825396824 0.6464955357142858 0.057685185185185194 0.044642857142857116
3 0.22339947089947085 0.6536607142857143 0.0984722222222222 0.04574404761904756
3 0.34281415343915345 0.6615128968253967 0.11243386243386246 0.04326388888888886
3 0.46792328042328035 0.6638566468253968 0.09149140211640218 0.042988591269841336
3 0.6848908730158729 0.649250992063492 0.104351851851852 0.050153769841269916
3 0.7545205026455026 0.6448412698412698 0.05621693121693123 0.05456349206349209
1 0.16754960317460318 0.43650793650793646 0.14550264550264552 0.05456349206349209
1 0.462228835978836 0.46213541666666663 0.19694444444444445 0.04960317460317452
1 0.7657275132275132 0.45607390873015874 0.14256283068783068 0.050704365079365134
2 0.16350529100529101 0.25297619047619047 0.12419312169312172 0.07109871031746033
2 0.4813359788359788 0.2547668650793651 0.11169973544973531 0.04987847222222221
2 0.746435185185185 0.27199156746031744 0.11941468253968233 0.05290922619047613
0 0.08230489417989416 0.4742609126984127 0.05437830687830688 0.04078373015873016
0 0.3832308201058201 0.47949652777777774 0.052175925925926 0.061178075396825446
0 0.6823181216931217 0.4974107142857142 0.0389484126984127 0.04739831349206351