2 0.1526875 0.3714375 0.14085416666666664 0.07352734375
2 0.3560833333333333 0.41073828125 0.0969114583333333 0.06592187499999991
2 0.5701875 0.38116015625 0.08113541666666677 0.08789453125000009
2 0.770203125 0.36341015625 0.11831770833333337 0.05746875000000005
3 0.13184374999999998 0.87218359375 0.0969114583333333 0.05916015624999993
3 0.23269791666666664 0.86246484375 0.084515625 0.05324218750000007
3 0.3290416666666667 0.8700703125 0.08789583333333333 0.06845703125
3 0.4490520833333333 0.8637343749999999 0.06873958333333334 0.06930078124999994
3 0.522296875 0.874296875 0.057468750000000075 0.06676562500000002
3 0.6214583333333333 0.87303125 0.0822604166666667 0.06760937499999997
3 0.7223124999999999 0.85316796875 0.07436979166666664 0.06000390624999987
3 0.8316197916666667 0.8595078125000001 0.07888020833333324 0.06592187500000009