2 0.4329159399161742 0.4971105919003115 0.10738031395621282 0.060031152647975004
2 0.5876968734542993 0.5179244548286605 0.11109433438332511 0.042157320872274265
1 0.4271956542489956 0.6378115264797508 0.15074063468096738 0.030038940809968828
1 0.5981586094985205 0.6463940809968848 0.11786287628320276 0.031335669781931405
3 0.3840713647289546 0.8106035825545173 0.11046260380600312 0.04339563862928344
3 0.47615824503857196 0.8044509345794392 0.09486371801213134 0.041008566978193176
3 0.5475021477104105 0.7900700934579439 0.07843178090750527 0.04695872274143316
3 0.6374022683292982 0.7861915887850468 0.10088251373233016 0.04316978193146408
0 0.3520613681132256 0.6789758566978192 0.065894358680655 0.023107476635514067
0 0.4981160891712007 0.6769080996884735 0.06806029208861576 0.03385124610591887
0 0.6650248613750553 0.6648169781931463 0.04298544763491538 0.021573208722741554