3 0.230796875 0.8559609375000001 0.07486718750000003 0.0458984375
3 0.3084296875 0.8611640625 0.06803125000000003 0.056312499999999946
3 0.4008828125 0.8564453125 0.0732421875 0.060546875
3 0.45670312500000004 0.8455390625 0.026695312500000058 0.048499999999999946
3 0.6357421875 0.8776015625 0.080078125 0.052085937500000054
1 0.279625 0.563640625 0.13346093750000004 0.055015625000000054
1 0.450359375 0.587890625 0.14876562500000007 0.05078125
1 0.5846328125 0.5755234375 0.13802343750000007 0.057289062499999946
0 0.2311171875 0.632 0.05599218749999997 0.043296875000000054
0 0.3359375 0.63509375 0.046875 0.047523437499999946
0 0.3600234375 0.6276015625 0.016929687499999967 0.044273437500000054
0 0.5056953125 0.6474609375 0.048499999999999946 0.056640625
0 0.6416015625 0.6396484375 0.044921875 0.056640625
2 0.304359375 0.36328125 0.08919531249999997 0.078125
2 0.44840625 0.3891640625 0.10579687500000005 0.0810546875
2 0.5986328125 0.344078125 0.068359375 0.08267968750000003