0 0.2926197916666667 0.5833333333333334 0.03003645833333337 0.06296296296296301
0 0.400953125 0.5862685185185185 0.03003645833333337 0.08178703703703702
0 0.428125 0.5808611111111112 0.03541666666666661 0.08025000000000013
0 0.5190104166666666 0.5888888888888889 0.0203125 0.07407407407407413
0 0.5321197916666667 0.5887314814814815 0.028817708333333414 0.09413888888888901
0 0.6539947916666666 0.6046296296296296 0.03090104166666663 0.09444444444444444
1 0.34574479166666666 0.5459907407407407 0.11545312500000007 0.09567592592592591
1 0.471703125 0.4992314814814814 0.11631770833333324 0.0706759259259259
1 0.5940989583333334 0.5194444444444445 0.10485937500000002 0.08703703703703698
2 0.3699635416666666 0.22839814814814813 0.08784895833333332 0.10863888888888885
2 0.4741302083333333 0.21157407407407405 0.07951562499999998 0.10277777777777777
2 0.595484375 0.21975 0.07014062499999998 0.0839537037037037
3 0.3152760416666667 0.8941388888888888 0.04305729166666668 0.08086111111111115
3 0.3686614583333333 0.8912037037037036 0.057119791666666676 0.07685185185185174
3 0.4390625 0.8962962962962961 0.034375 0.07407407407407397
3 0.4856770833333333 0.8959907407407406 0.0328125 0.06975000000000003
3 0.5502083333333333 0.8949074074074073 0.05503645833333337 0.07685185185185174
3 0.6413177083333332 0.9121944444444444 0.045140624999999976 0.09660185185185179