2 0.22246875 0.39703125 0.08823958333333332 0.05045312500000003
2 0.35932291666666666 0.383390625 0.09729166666666664 0.05482031250000006
2 0.47410416666666666 0.3655859375 0.08139583333333332 0.04510156250000001
2 0.6132708333333333 0.3588828125 0.07206250000000007 0.04896093749999997
2 0.7380625 0.36878125 0.08192708333333343 0.04717968749999999
1 0.24933333333333335 0.55159375 0.13621874999999997 0.037406250000000085
1 0.3764583333333333 0.523265625 0.11240624999999997 0.04114843750000006
1 0.48042708333333334 0.5104296875000001 0.10171874999999998 0.0341796875
1 0.6166770833333334 0.5008359375 0.13832291666666663 0.04375781249999999
1 0.7514895833333333 0.5133125 0.12987500000000007 0.03563281249999992
3 0.22509375 0.722671875 0.05130208333333333 0.035812499999999935
3 0.2879583333333333 0.7080703125000001 0.05236458333333331 0.033937500000000044
3 0.34819791666666666 0.7039453124999999 0.05395833333333329 0.03142968750000001
3 0.419125 0.6897890624999999 0.06348958333333338 0.02469531249999992
3 0.4795416666666667 0.684609375 0.0519895833333333 0.035914062500000024
3 0.53440625 0.6816484375 0.06201041666666664 0.04580468750000009
3 0.60709375 0.6740859375 0.057791666666666686 0.04650781249999998
3 0.6695416666666667 0.6733046875 0.05804166666666669 0.03919531250000006
3 0.71171875 0.6780390625 0.046500000000000104 0.03571875000000002
3 0.7897604166666666 0.6786640625 0.07792708333333327 0.035531250000000014