3 0.14660185185185187 0.8216145833333333 0.08950925925925925 0.037328125000000156
3 0.2654351851851852 0.8185781249999999 0.08641666666666671 0.03645833333333322
3 0.34053703703703697 0.8200208333333332 0.07612962962962963 0.04282291666666653
3 0.44084259259259256 0.8252291666666667 0.09774074074074074 0.03935416666666676
3 0.5398703703703702 0.8206041666666666 0.07664814814814808 0.05092708333333347
3 0.6574074074074073 0.8291354166666667 0.08025000000000013 0.04542708333333323
3 0.7808611111111111 0.82971875 0.08024999999999996 0.03269791666666677
3 0.8811759259259259 0.8278333333333332 0.10185185185185175 0.0410885416666666
1 0.21167592592592593 0.6180572916666667 0.19804629629629625 0.0625
1 0.40509259259259256 0.6313645833333333 0.20215740740740734 0.04051041666666677
1 0.6100833333333333 0.5941822916666666 0.1831296296296295 0.047744791666666765
1 0.8539074074074073 0.60040625 0.20164814814814822 0.03761458333333323
2 0.25308333333333327 0.46571354166666656 0.1358055555555555 0.061630208333333235
2 0.4153796296296296 0.4580416666666666 0.11162962962962963 0.04456249999999997
2 0.5964537037037037 0.44140625 0.10339814814814821 0.040796875000000024
2 0.826648148148148 0.4425625 0.11625925925925931 0.04311458333333338