0 0.18836458333333334 0.6469765625 0.09548958333333335 0.0576171875
0 0.3539479166666667 0.6430703125 0.04904166666666671 0.0654296875
0 0.39106250000000004 0.6484375 0.04773958333333338 0.0546875
0 0.57096875 0.648109375 0.07682291666666667 0.06575781250000005
0 0.7055104166666666 0.673015625 0.0646666666666666 0.055015625000000054
2 0.2836354166666667 0.367515625 0.10633333333333338 0.06705468750000003
2 0.48784374999999996 0.3935546875 0.10069791666666662 0.064453125
2 0.64475 0.3977890625 0.08897916666666675 0.06119531250000003
3 0.19509374999999998 0.880859375 0.10633333333333332 0.05859375
3 0.31684375000000004 0.848796875 0.0920104166666667 0.039390625000000054
3 0.42165625 0.8408203125 0.06987500000000005 0.052734375
3 0.5232187500000001 0.8489609375 0.08550000000000005 0.033851562499999946
3 0.59353125 0.8265 0.09070833333333325 0.047523437499999946
3 0.69509375 0.8657265625000001 0.0646666666666666 0.0576171875