3 0.16854166666666667 0.659828125 0.09404513888888887 0.050132812500000054
3 0.3030902777777778 0.6474609375 0.12008680555555558 0.025390625
3 0.47381944444444446 0.6248359375 0.0969270833333334 0.060218749999999946
3 0.6289756944444445 0.6276015625 0.0990972222222223 0.044273437500000054
3 0.7143402777777778 0.6313515625 0.0962152777777777 0.0576171875
3 0.8774652777777778 0.6484375 0.15769097222222228 0.0625
0 0.12840277777777775 0.515296875 0.12225694444444442 0.042320312500000054
0 0.3371006944444444 0.493328125 0.09258680555555553 0.047203125000000054
2 0.1906076388888889 0.2556953125 0.17722222222222225 0.06412500000000003
2 0.2647569444444444 0.26790625 0.08680555555555555 0.03189843750000003
2 0.5117881944444445 0.2607421875 0.17722222222222228 0.048828125
2 0.8459895833333334 0.2249375 0.16854166666666673 0.07096093750000003