2 0.312070682541785 0.13548602430612364 0.15317821243027657 0.14912991407124293
2 0.4821326425988883 0.14151739844634526 0.14794275930749945 0.12692063533615616
2 0.6611192056553882 0.0780623163460972 0.10774672416246002 0.10915111812095467
0 0.27341310138784636 0.6406450219566625 0.08015659263837989 0.10852284998134845
0 0.419817406704245 0.5911479636913369 0.0632728450115531 0.07043932958553928
0 0.5380271878572024 0.5517974358806551 0.0627940404530983 0.09075333276614678
0 0.5746596612065286 0.5498916891905157 0.050423614483837975 0.11740237302111904
0 0.7333088044112812 0.547671808430573 0.05090241904229263 0.07869058448570365
3 0.33394655638463305 0.9200358636396357 0.06565116929371419 0.11327674557103692
3 0.40042974671435083 0.8800465965536874 0.07159305537158868 0.0790047185555069
3 0.42480953292026624 0.8411777409833705 0.07040781785803642 0.08313034600558909
3 0.527564130866705 0.835156837978809 0.08753489239161898 0.09772710911577791
3 0.5949970810582758 0.8208742089384231 0.06683640680726659 0.08820884680074079
3 0.675035934870806 0.8392824654288911 0.08562752341285598 0.09455435501076569