2 0.35242708333333334 0.4210625 0.06944791666666662 0.043296875000000054
2 0.46875 0.42642968750000004 0.0625 0.032554687500000054
2 0.5802916666666668 0.428875 0.05121875000000008 0.035484375000000054
2 0.6861979166666666 0.4412421875 0.0546875 0.044593749999999946
3 0.31336458333333334 0.6717109375 0.04340624999999996 0.036781249999999946
3 0.3773854166666667 0.6821328125 0.04383333333333338 0.0341796875
3 0.42946875 0.6842421875 0.05425000000000004 0.040367187500000054
3 0.5030416666666667 0.696453125 0.05294791666666671 0.031578125000000054
3 0.55121875 0.6979140625 0.05034374999999992 0.036460937500000054
3 0.6204479166666667 0.7122421875 0.05078125 0.041664062499999946
3 0.65603125 0.7179375 0.04904166666666659 0.035484375000000054
3 0.70290625 0.726234375 0.04904166666666659 0.050132812500000054