2 0.144125 0.4118125 0.10667187499999997 0.050179687500000014
2 0.33669270833333337 0.38119921875 0.14202604166666669 0.04702343749999995
2 0.5228854166666667 0.408265625 0.08988541666666663 0.06107812500000005
2 0.6445000000000001 0.41704687500000004 0.09843229166666655 0.05294140625000008
2 0.8688541666666667 0.392390625 0.12058854166666677 0.06658203124999992
3 0.13657812500000002 0.855640625 0.07957812499999999 0.06546093749999997
3 0.2491197916666667 0.85251171875 0.05456249999999999 0.05406640624999994
3 0.29276562500000003 0.8480664062500001 0.05961979166666668 0.0657343749999999
3 0.3738072916666667 0.82766015625 0.08980208333333337 0.041625000000000155
3 0.47568229166666665 0.81930859375 0.07256249999999996 0.05061718749999997
3 0.5948854166666667 0.87262109375 0.08142187499999996 0.06087890625000014
3 0.726640625 0.8708828125 0.0862604166666666 0.05869140625
3 0.8054114583333334 0.872421875 0.07250520833333335 0.059199218750000074
3 0.9280729166666667 0.90220703125 0.11226041666666665 0.08279687500000002