3 0.35200000000000004 0.671875 0.03211458333333338 0.015625
3 0.3895416666666666 0.6704140625 0.04731249999999996 0.0185546875
3 0.47265625 0.667640625 0.013020833333333334 0.018882812500000058
3 0.49196875 0.667640625 0.02300000000000004 0.026695312500000058
3 0.5796458333333334 0.669109375 0.03168750000000008 0.015953125000000058
3 0.6245625 0.6764296875 0.03559375000000008 0.024742187500000058
0 0.3294270833333333 0.5755234375 0.0390625 0.049476562499999946
0 0.42621875000000004 0.5729140625 0.02951041666666671 0.052085937500000054
0 0.45378124999999997 0.566734375 0.029947916666666668 0.020179687499999942
0 0.5223541666666667 0.5719375 0.02127083333333329 0.022789062500000058
0 0.5405833333333334 0.5765 0.016062500000000077 0.031898437499999946
0 0.61675 0.5768203125 0.019968750000000077 0.028648437500000058
1 0.38607291666666665 0.560546875 0.08203125 0.01953125
2 0.37934375000000004 0.46256250000000004 0.06076041666666671 0.038414062500000054
2 0.50434375 0.4516640625 0.05034375000000004 0.0185546875
2 0.58203125 0.4672890625 0.033854166666666664 0.0263671875