2 0.350578125 0.13554296875 0.1733802083333334 0.11744140624999999
2 0.655359375 0.1664765625 0.19960416666666655 0.10378906249999997
1 0.3290625 0.49667578125 0.2484010416666667 0.09491406250000001
1 0.65690625 0.52590625 0.26172395833333323 0.09347656250000007
0 0.19099479166666666 0.5995546875 0.10073958333333331 0.07931640625000007
0 0.47834374999999996 0.5939453125 0.09210937499999995 0.08893359375000003
0 0.7835364583333334 0.6163125 0.08791145833333332 0.08679296875000002
3 0.23575 0.8923554687499999 0.12775520833333331 0.11804687499999993
3 0.3823229166666666 0.9204648437499999 0.12228124999999998 0.10655859374999999
3 0.5437239583333333 0.89072265625 0.13606250000000011 0.08612890624999991
3 0.68465625 0.905734375 0.1505677083333334 0.10053124999999988