3 0.3341898832913888 0.872277013893888 0.07468566186390371 0.09202034018101994
3 0.3976982059546411 0.8602247367491049 0.06184428059124516 0.0679053147557933
3 0.4830824024607414 0.8591043252334736 0.09276249625933938 0.09805171432124136
3 0.6087960714478441 0.8806853358289538 0.08872012990517111 0.09550722835583542
3 0.7010797631487286 0.9366954404748659 0.06778616666911938 0.12565362792128323
3 0.7910798122065728 0.941544885177453 0.0892018779342723 0.11691022964509394
0 0.2677066929616711 0.6076400023560053 0.057323109678622045 0.08059633117584313
0 0.4508533611981887 0.6006662260063742 0.05827286954047519 0.08947585421561377
0 0.5867946095240898 0.6027290397314153 0.06612212459711242 0.10311974398073308
0 0.6520847130851988 0.6197027506364486 0.055423589954915746 0.11232387222596718
0 0.8265501052290755 0.6152629891165634 0.04328864163735474 0.1567529008318008
2 0.3423923548255748 0.17626062656658004 0.09252701860764023 0.10311974398073315
2 0.5142439450355915 0.14564302589642736 0.08562752341285598 0.11613536560624604
2 0.7334265432371309 0.11153853705145907 0.10965409314122285 0.10311974398073308