3 0.48854166666666665 0.5763906249999999 0.017520833333333385 0.010484375000000056
3 0.51403125 0.5784374999999999 0.01925000000000002 0.013101562499999986
3 0.53915625 0.580453125 0.022218749999999923 0.01171875
3 0.5667291666666666 0.5825781250000001 0.01891666666666675 0.014492187499999965
3 0.5902499999999999 0.5843828125 0.02063541666666661 0.011203124999999935
3 0.6184375000000001 0.587015625 0.02315625000000002 0.013499999999999979
0 0.48117708333333337 0.52771875 0.011989583333333324 0.012632812500000057
0 0.5219895833333333 0.52946875 0.008249999999999957 0.012687500000000008
0 0.5320520833333333 0.5230390625 0.015239583333333447 0.015601562500000022
0 0.570375 0.5238515625 0.012416666666666742 0.01574218750000007
0 0.5815 0.5251718750000001 0.015625 0.019859375000000058
0 0.6257291666666667 0.52784375 0.011468749999999991 0.017812499999999964
2 0.5029895833333333 0.462296875 0.03197916666666671 0.014796875000000043
2 0.5519999999999999 0.4543828125 0.026229166666666734 0.014718749999999937
2 0.6008125 0.456234375 0.02992708333333335 0.012523437499999979