2 0.17730208333333333 0.35075781250000004 0.09720833333333333 0.042578125
2 0.32839583333333333 0.349203125 0.0951875 0.05702343750000001
2 0.48840625 0.34967187499999997 0.0790833333333333 0.045195312500000015
2 0.6080104166666668 0.3387265625 0.07790624999999997 0.03607812499999996
2 0.7357083333333333 0.37189843749999996 0.08440624999999997 0.043390624999999974
1 0.18213541666666666 0.501453125 0.12602083333333336 0.03924218750000001
1 0.6033645833333333 0.4909296875 0.10479166666666657 0.0453125
1 0.729 0.5089453125000001 0.12630208333333334 0.04304687499999993
0 0.12512500000000001 0.53659375 0.033739583333333316 0.027695312500000034
0 0.25417708333333333 0.5408203125 0.02453125000000001 0.026132812500000036
0 0.27147916666666666 0.5437890624999999 0.01636458333333337 0.023039062500000006
0 0.39416666666666667 0.549859375 0.02919791666666664 0.029171874999999937
0 0.417375 0.5502421875 0.03283333333333331 0.02993749999999995
0 0.5370729166666667 0.550203125 0.01829166666666661 0.02885937500000004
3 0.15319791666666666 0.6869140625 0.05282291666666664 0.028835937500000065
3 0.22346875 0.6797109375 0.07926041666666664 0.03239843750000002
3 0.2872291666666667 0.6912812500000001 0.04194791666666665 0.03334375000000005
3 0.37061458333333336 0.6904453125 0.07067708333333336 0.03484374999999993
3 0.4432916666666667 0.6935 0.06388541666666671 0.03778124999999992
3 0.5030416666666667 0.6939140625 0.05377083333333334 0.031218750000000028
3 0.5715104166666667 0.6815156250000001 0.06957291666666662 0.03599999999999994
3 0.6340625000000001 0.6818828124999999 0.041114583333333364 0.027234374999999922
3 0.6828541666666667 0.6715 0.0682708333333333 0.030765625000000085
3 0.7406666666666666 0.672296875 0.04019791666666658 0.034468749999999916