3 0.3508673279011446 0.7234890965732087 0.08388132489868885 0.04705218068535828
3 0.4367757443226685 0.7242990654205608 0.07867475420647516 0.027258566978193066
3 0.5082168363140951 0.7275428348909657 0.051489513098864154 0.025961838006230486
3 0.5750344935308359 0.734357476635514 0.07058027230364722 0.020120716510903414
3 0.6424352866651046 0.7351713395638629 0.05611294787354967 0.02368769470404981
3 0.7292114648686644 0.7359813084112149 0.07693923064240402 0.035046728971962614
1 0.3847100374005327 0.5873559190031152 0.14115360251303816 0.041538161993769585
1 0.5247043101727714 0.6055295950155763 0.12958807348206783 0.04672897196261676
1 0.6849556139848489 0.6013123052959501 0.15156674389746527 0.042184579439252266
0 0.3269101606227059 0.6198208722741433 0.03904233809734552 0.026584890965732022
0 0.43783788474388013 0.6178582554517134 0.04829614974097312 0.023419003115264837
0 0.4669460859604821 0.6219704049844237 0.027983581947083794 0.014178348909657324
0 0.5800189172068484 0.6257710280373832 0.03475906594121783 0.024813084112149397
0 0.6121816398962157 0.6246923676012461 0.030017615564175332 0.03405373831775691
0 0.7488367653311814 0.6289330218068535 0.04739367748765597 0.03873831775700935
2 0.37926743550360553 0.47828271028037384 0.06251355877784426 0.03519470404984428
2 0.5340900216072684 0.48847352024922125 0.06341603103116121 0.047219626168224414
2 0.6730013276755266 0.4839174454828661 0.07989656279558141 0.04114485981308409