3 0.12296875 0.648765625 0.10272569444444442 0.043617187499999946
3 0.255 0.637046875 0.11067708333333333 0.035804687499999946
3 0.4296875 0.6357421875 0.12586805555555555 0.041015625
3 0.5504861111111111 0.63509375 0.08102430555555548 0.047523437499999946
3 0.7530381944444444 0.6165390625 0.06944444444444445 0.045570312499999946
3 0.8846875 0.617515625 0.08970486111111103 0.043617187499999946
0 0.05859375 0.5052109375 0.08680555555555555 0.049476562499999946
0 0.3052604166666667 0.48795312500000004 0.10272569444444447 0.042320312500000054
0 0.3956944444444444 0.48697656250000004 0.08390624999999997 0.044273437500000054
0 0.6329513888888889 0.4861640625 0.10706597222222215 0.040687499999999946
0 0.7421875 0.46353906250000004 0.07378472222222222 0.052085937500000054
0 0.9739583333333334 0.46328125 0.052083333333333336 0.0578125
2 0.14684027777777778 0.280921875 0.15914930555555554 0.07357031249999997
2 0.49659722222222225 0.2576484375 0.12513888888888897 0.05240625000000003
2 0.8911979166666667 0.24397656250000002 0.18085069444444457 0.07193750000000003