2 0.6450911161731208 0.2945444191343964 0.054419134396355415 0.08985193621867885
2 0.6609111617312073 0.44055808656036455 0.06328018223234615 0.09143507972665148
2 0.670876993166287 0.60001138952164 0.05853075170842832 0.08383826879271065
2 0.6999772209567199 0.7608883826879271 0.05600227790432814 0.0733940774487472
0 0.4173006833712984 0.26227790432801823 0.06200455580865612 0.055683371298405504
0 0.423621867881549 0.4017995444191344 0.06707289293849658 0.049988610478359875
0 0.43406605922551256 0.5082574031890661 0.05378132118451031 0.06739179954441905
0 0.4242596810933941 0.5520728929384966 0.04555808656036451 0.04302961275626416
3 0.2462984054669704 0.28884965831435083 0.05219817767653758 0.04808656036446477
3 0.25341685649202733 0.34611617312072895 0.05315489749430524 0.06769931662870166
3 0.2537357630979499 0.428371298405467 0.04239179954441914 0.05758542141230065
3 0.2507289293849658 0.496867881548975 0.06865603644646923 0.07497722095671992
3 0.24946469248291572 0.5780182232346242 0.05093394077448741 0.04176537585421407
3 0.23996583143507974 0.629111617312073 0.05473804100227788 0.05853075170842832
3 0.239498861047836 0.7393735763097949 0.06328018223234624 0.06833712984054667
3 0.23427107061503416 0.7966287015945331 0.06612756264236905 0.05758542141230061