3 0.34675026123301983 0.8004356336556434 0.1265621734587252 0.042754892293503245
3 0.39449669104841517 0.772005631840503 0.11118077324973873 0.03421490279188188
3 0.4085823754789272 0.7308990831088936 0.09124346917450371 0.02272359338896489
3 0.42772553117380696 0.7144313460000686 0.058390804597701164 0.02986641549050482
3 0.44232671543016366 0.695075083030401 0.06457680250783697 0.035941738904342116
3 0.503949843260188 0.6811976000902664 0.09368164402647162 0.027040683670115483
1 0.3824590734935562 0.5772185183549924 0.15823058167885745 0.041836529451876645
1 0.4868965517241379 0.5500993421343106 0.09722048066875652 0.027660774819589742
2 0.38691745036572617 0.4118504128217581 0.12948798328108668 0.04581610176559178
2 0.441100661790317 0.40703881947203946 0.0746917450365727 0.05270774770531937
2 0.48472309299895505 0.41776875113446255 0.055214211076279995 0.034089314710975684