2 0.271203125 0.4360104166666667 0.10491406249999997 0.09226041666666672
2 0.40346093749999995 0.4702395833333333 0.11049218750000005 0.08928125000000003
2 0.517859375 0.5029791666666666 0.08482031249999995 0.07738541666666662
2 0.646203125 0.44121875 0.11830468750000005 0.07291666666666667
2 0.8091484375 0.4851145833333333 0.11607031250000013 0.0684479166666667
0 0.1685234375 0.8407708333333334 0.0848203125 0.07738541666666662
0 0.3270078125 0.8370520833333334 0.06026562499999999 0.07291666666666667
0 0.3738828125 0.8110104166666667 0.046875 0.08035416666666677
0 0.40680468750000004 0.8050625 0.05245312500000008 0.06547916666666656
0 0.44866406249999996 0.8608645833333333 0.06026562500000008 0.0878020833333333
0 0.568078125 0.8601145833333333 0.03348437499999992 0.0952395833333334
0 0.5982109375 0.8378020833333333 0.04464062500000008 0.08928125000000003
0 0.720421875 0.8430104166666667 0.04575781249999995 0.07291666666666667
0 0.7550234375 0.8355625 0.0390625 0.10565625000000006
0 0.8772343749999999 0.8683020833333334 0.07142968749999987 0.10565625000000006