2 0.15033333333333332 0.38835156249999997 0.08423958333333334 0.052851562499999984
2 0.3079791666666667 0.3654921875 0.08368750000000004 0.06124218749999999
2 0.4517916666666667 0.39260937500000004 0.09877083333333327 0.04453906249999999
2 0.6005104166666667 0.389234375 0.07715624999999994 0.04378906249999996
2 0.7506458333333333 0.3873046875 0.0808437499999999 0.045937499999999964
0 0.08742708333333334 0.5942578125 0.04018749999999998 0.02938281249999992
0 0.23295833333333332 0.5904609375 0.03143750000000001 0.03141406250000003
0 0.26064583333333335 0.5730546875 0.04353125000000002 0.037484375000000014
0 0.37754166666666666 0.56259375 0.025614583333333368 0.03821093750000006
0 0.39606250000000004 0.5798593750000001 0.04021875000000001 0.03666406250000005
0 0.50290625 0.576828125 0.04066666666666663 0.03540624999999995
0 0.5437916666666667 0.577828125 0.05351041666666655 0.03139843750000004
0 0.6388958333333333 0.58025 0.028885416666666684 0.03142968750000001
0 0.6750520833333333 0.58084375 0.040260416666666764 0.042234374999999956
0 0.8172395833333332 0.584984375 0.034468749999999916 0.04932031250000009
1 0.15908333333333333 0.5516640625 0.1482291666666667 0.04278906249999999
1 0.3154791666666667 0.519421875 0.12915625 0.038437500000000034
1 0.7476041666666667 0.5463281249999999 0.12924999999999992 0.04896093750000006
3 0.11544791666666666 0.7444375 0.09141666666666669 0.03635937499999997
3 0.20005208333333335 0.7455468749999999 0.05702083333333334 0.037374999999999936
3 0.25353125 0.7230703125 0.06457291666666667 0.04291406250000005
3 0.3446666666666667 0.720984375 0.0672916666666667 0.03994531250000009
3 0.4165520833333333 0.7085703125 0.04912499999999997 0.0427734375
3 0.4789791666666667 0.7072734374999999 0.06176041666666663 0.03657812499999995
3 0.5461145833333333 0.7121875 0.05815624999999992 0.03799218750000009
3 0.6306145833333333 0.7149921875 0.053999999999999916 0.04118750000000002
3 0.6925729166666666 0.7242421875 0.051260416666666704 0.041664062499999946
3 0.7749791666666667 0.72978125 0.06858333333333325 0.03590625000000003