3 0.2005364583333333 0.7505195312499999 0.07388020833333335 0.07025390624999997
3 0.30409895833333334 0.74606640625 0.09103124999999998 0.05145312499999992
3 0.4195364583333333 0.7322109375 0.055411458333333385 0.05739062500000003
3 0.49276041666666676 0.7148984375 0.0831145833333333 0.048484374999999955
3 0.5765364583333333 0.71291796875 0.07124479166666665 0.08212500000000009
3 0.6715260416666666 0.7084648437500001 0.06860416666666656 0.06530468749999993
0 0.37995833333333334 0.5367890625 0.055411458333333385 0.04057031250000005
0 0.5224427083333333 0.524421875 0.047494791666666696 0.04353515624999993
0 0.5593854166666666 0.52541015625 0.04221874999999997 0.05343359374999999
0 0.7289166666666667 0.52640234375 0.05936979166666655 0.04749609375000006
2 0.239453125 0.289421875 0.130609375 0.0742109375
2 0.44856250000000003 0.28101171875 0.10290624999999996 0.06332812500000004
2 0.6556927083333334 0.26419140625000004 0.09498958333333339 0.06332812500000004