2 0.2835590277777778 0.287109375 0.14467013888888886 0.04296875
2 0.5251736111111112 0.2942734375 0.15914930555555548 0.0390625
2 0.8188715277777778 0.2630234375 0.17939236111111118 0.04947656250000003
0 0.4325868055555555 0.47200781249999996 0.07234375000000003 0.04296875
0 0.17071180555555554 0.474609375 0.08102430555555554 0.04296875
0 0.3660243055555556 0.47005468749999996 0.06076388888888889 0.046875
0 0.6061979166666667 0.47591406249999996 0.04918402777777785 0.040367187500000054
0 0.6828645833333333 0.45052343749999996 0.08680555555555555 0.0390625
0 0.8723958333333334 0.4609375 0.08390624999999988 0.059898437500000054
3 0.19675347222222223 0.6067734375 0.1273090277777778 0.0390625
3 0.3255208333333333 0.5891953125 0.14178819444444446 0.032554687500000054
3 0.4730902777777778 0.583984375 0.08390625000000007 0.040367187500000054
3 0.5729166666666666 0.5885390625 0.08680555555555555 0.044273437500000054
3 0.7045659722222222 0.580078125 0.10706597222222215 0.045570312499999946
3 0.8188715277777778 0.591796875 0.06944444444444445 0.048179687500000054