2 0.30473958333333334 0.31528125 0.16457291666666668 0.07110156249999999
2 0.63346875 0.339984375 0.12137499999999998 0.0645625
1 0.31409374999999995 0.5719531250000001 0.22590625 0.09290625000000005
1 0.6222291666666667 0.592125 0.21345833333333342 0.08331250000000008
3 0.24731249999999996 0.8796640625000001 0.08435416666666669 0.06294531250000013
3 0.36955208333333334 0.8725781250000001 0.11037500000000004 0.06078125000000014
3 0.5335416666666667 0.8571249999999999 0.07869791666666662 0.08381250000000015
3 0.6539895833333333 0.8686875000000001 0.08781249999999995 0.07296875000000007
0 0.19928125 0.6389140624999999 0.05756249999999999 0.06698437500000001
0 0.45577083333333335 0.63953125 0.0590208333333333 0.05423437500000006
0 0.4980104166666666 0.6327812500000001 0.042270833333333376 0.04473437499999999
0 0.7376874999999999 0.6452265625 0.03691666666666672 0.05964062499999993