2 0.7011072056239016 0.3206092560046866 0.05744288224956069 0.09989455184534274
2 0.6900702987697716 0.46692442882249563 0.05195957820738144 0.10876391329818406
2 0.6913708260105449 0.6020386643233745 0.045518453427064995 0.07110720562390162
2 0.7076449912126538 0.7719039250146458 0.04032513181019333 0.08482718219097833
0 0.48868189806678386 0.26852958406561217 0.046133567662565864 0.05206795547744581
0 0.49102811950790864 0.39712946690099593 0.04781195079086124 0.05168131224370238
0 0.4883304042179263 0.5291505565319274 0.057504393673110776 0.0360046865846515
0 0.4790070298769772 0.5553954305799649 0.05394551845342708 0.03214997070884588
0 0.4802284710017575 0.7001874633860575 0.036775043936730964 0.04201523140011716
0 0.47544815465729345 0.8221792618629175 0.040790861159929824 0.06060925600468655
3 0.3207381370826011 0.28965436438195663 0.036124780316344474 0.06378441710603401
3 0.3290333919156415 0.35605155243116576 0.02538664323374338 0.06899824253075575
3 0.3383128295254833 0.43806678383128295 0.03417398945518455 0.05598125366139423
3 0.3348945518453427 0.4972934973637962 0.02733743409490339 0.05728178090216751
3 0.3280579964850615 0.7465963678968952 0.03710017574692444 0.04816637375512585
3 0.31634446397188054 0.7980199179847687 0.04101054481546571 0.06769771528998234