2 0.40634375 0.10325520833333333 0.189640625 0.20651041666666667
2 0.61653515625 0.052083333333333336 0.17513281250000007 0.10416666666666667
2 0.8043437499999999 0.13331770833333334 0.16727734374999984 0.09736458333333334
0 0.32307031249999996 0.9127604166666666 0.13051171875000006 0.1432343750000001
0 0.47564453125000006 0.8262864583333334 0.058710937500000074 0.11091145833333324
0 0.5317109375 0.72409375 0.09662109374999997 0.14870833333333333
0 0.666796875 0.6579114583333333 0.04648046874999991 0.1074947916666666
0 0.719125 0.6761874999999999 0.05933984374999994 0.10497395833333342
0 0.86801171875 0.6426093749999999 0.0563359375000001 0.09251041666666661
3 0.68425 0.9654947916666666 0.09506640624999996 0.06901041666666667
3 0.78857421875 0.951171875 0.12206640624999991 0.09765625