2 0.22028794992175277 0.3523666666666666 0.09302034428794992 0.053120833333333374
2 0.40242879499217526 0.3718125 0.0885007824726134 0.05217083333333337
2 0.6024162754303599 0.3462666666666666 0.09071674491392794 0.04991666666666665
2 0.7815023474178404 0.3269708333333333 0.09748356807511742 0.05245416666666669
0 0.16830046948356808 0.5583916666666667 0.06434428794992172 0.0346166666666667
0 0.30620344287949924 0.5705375 0.06597809076682316 0.04348749999999999
0 0.5081189358372457 0.5661333333333334 0.04114553990610333 0.034679166666666636
0 0.5465352112676056 0.5651041666666667 0.05620031298904535 0.039045833333333314
0 0.704225352112676 0.5553666666666668 0.07229420970266036 0.06327083333333335
0 0.9047261345852894 0.5520208333333333 0.1025727699530517 0.05914166666666674
3 0.2530579029733959 0.7159416666666666 0.06587793427230046 0.039975000000000094
3 0.34386854460093896 0.7020458333333334 0.06406259780907665 0.039175
3 0.39141784037558686 0.7192833333333333 0.05876056338028165 0.04922500000000003
3 0.47596244131455395 0.7158083333333334 0.08110172143974959 0.04099583333333321
3 0.5919499217527386 0.7022041666666666 0.07365258215962442 0.03948750000000008
3 0.6807636932707355 0.7054666666666666 0.06591549295774657 0.031874999999999966
3 0.724075117370892 0.7467708333333334 0.08882629107981228 0.05407916666666672
3 0.8334397496087638 0.7356 0.10673552425665103 0.06386666666666674