0 0.033435846560846555 0.41845734126984124 0.06687169312169311 0.053184523809523834
0 0.21164021164021163 0.42300595238095234 0.06613756613756613 0.050704365079365134
0 0.35273478835978833 0.40702132936507934 0.08377314814814814 0.08487599206349206
0 0.5127513227513227 0.3940699404761905 0.04004960317460326 0.1151884920634921
0 0.733941798941799 0.43609374999999995 0.0679761904761906 0.04877728174603178
0 0.9470535714285713 0.43278769841269843 0.04445767195767184 0.05538938492063483
1 0.13154100529100526 0.3798784722222222 0.17930555555555555 0.04877728174603173
1 0.4434887566137566 0.38442460317460314 0.16387566137566137 0.05290922619047613
1 0.8463756613756613 0.3833234126984127 0.1782043650793651 0.050704365079365044
3 0.09847222222222221 0.5871081349206348 0.08671296296296296 0.03995783730158724
3 0.18279761904761901 0.5872470238095239 0.08561177248677249 0.0418874007936509
3 0.40858465608465605 0.6052976190476189 0.07201719576719583 0.04987847222222221
3 0.5265277777777777 0.6117733134920635 0.06540343915343919 0.05456349206349209
3 0.7418419312169312 0.6278943452380952 0.12566137566137575 0.04877728174603178
3 0.8987367724867725 0.6571031746031746 0.09994047619047634 0.06090277777777793
2 0.12841600529100525 0.1935912698412698 0.10912698412698413 0.05318452380952381
2 0.42952711640211644 0.16534474206349203 0.09185846560846565 0.05456349206349205
2 0.8684226190476191 0.1340674603174603 0.12529431216931214 0.05979910714285715