3 0.19546468936721614 0.8732296250508974 0.10819824477588494 0.10857874519846332
3 0.3568877167034247 0.8549173130037627 0.09947578877101586 0.07456792303805414
3 0.5514833018108519 0.8385594654657305 0.09075333276614678 0.09157725874578718
3 0.7041838731421914 0.8627665680603999 0.10994692443112272 0.11120039638738032
1 0.7050529774019803 0.5631840503137249 0.3979031550840636 0.08503098002855165
0 0.5279232465756115 0.5880426410780951 0.09947578877101591 0.08241717809469136
0 0.8734707233591401 0.6200911494743452 0.10296267694583133 0.0627940404530983
0 0.09337111668117357 0.5991571862382935 0.08900465311090897 0.08634180562301015
0 0.40313872291411706 0.5762687584931392 0.09772710911577802 0.1007294901418261
2 0.19895157754203177 0.06671866798141689 0.2617783915026734 0.13343733596283378
2 0.7704975752776487 0.15109815984026767 0.21117139285737677 0.1347481615572922