2 0.36502083333333335 0.4521484375 0.0998229166666667 0.072265625
2 0.5021666666666667 0.45865625000000004 0.11371874999999995 0.061851562500000054
2 0.71940625 0.454265625 0.10286458333333333 0.07064062500000005
1 0.5023854166666667 0.6494140625 0.16883333333333336 0.052734375
0 0.4268645833333334 0.6966171875 0.06987500000000005 0.06510156249999995
0 0.5946145833333334 0.6521796875 0.05382291666666674 0.052406249999999946
3 0.3400625 0.8811875 0.07335416666666662 0.06314843749999995
3 0.41450000000000004 0.868328125 0.07378125000000005 0.047203125000000054
3 0.49132291666666666 0.9010390625 0.09721875000000005 0.052085937500000054
3 0.5876770833333332 0.916015625 0.06076041666666659 0.06640625
3 0.67946875 0.9029921875 0.0646666666666666 0.06380468750000005
3 0.7669270833333334 0.911296875 0.059895833333333336 0.06282812500000005