2 0.34314583333333337 0.266828125 0.14462500000000003 0.08053906250000002
2 0.6111145833333332 0.239828125 0.13889583333333325 0.07341406250000002
1 0.34059375000000003 0.53721875 0.22703125000000005 0.06818749999999998
1 0.6067708333333334 0.537109375 0.2204895833333334 0.07421875
3 0.26648958333333334 0.8600234375 0.13715625 0.07421875
3 0.41492708333333334 0.869140625 0.08333333333333333 0.05078125
3 0.5373229166666668 0.869140625 0.0954895833333334 0.06900781249999995
3 0.6892395833333332 0.8834609375 0.0763854166666666 0.06640625
0 0.22569791666666666 0.6119765625 0.055552083333333314 0.06510156249999995
0 0.4348958333333333 0.6100234375 0.046875 0.05859375
0 0.48784374999999996 0.6009140625 0.03819791666666662 0.05078125
0 0.7126770833333332 0.6119765625 0.078125 0.0703125