2 0.3914947916666666 0.3349609375 0.0850677083333333 0.033203125
2 0.5551197916666666 0.30989453125 0.07378645833333337 0.04948046875000003
0 0.32009375 0.52897265625 0.0438385416666667 0.030597656249999973
0 0.4605052083333333 0.52701953125 0.030380208333333294 0.03450390624999997
0 0.4921875 0.51790234375 0.02951562500000004 0.03190234375000003
0 0.622828125 0.5244140625 0.0321197916666667 0.037109375
1 0.39040625 0.486328125 0.14279687500000005 0.05078125
1 0.5379791666666667 0.48372265625 0.1670989583333333 0.04557421875000003
3 0.3702239583333334 0.67822265625 0.08941145833333337 0.0498046875
3 0.439234375 0.6767578125 0.07639062500000003 0.052734375
3 0.517359375 0.673015625 0.07639062500000003 0.06282421874999997
3 0.6080729166666666 0.68278125 0.06510416666666667 0.05110546874999997