2 0.3375 0.1673611111111111 0.071875 0.08472222222222223
2 0.46328125 0.15763888888888888 0.0828125 0.09305555555555556
2 0.59375 0.16041666666666668 0.109375 0.07361111111111111
1 0.461328125 0.4736111111111111 0.11015625 0.07222222222222222
1 0.328125 0.47638888888888886 0.121875 0.06111111111111111
1 0.590625 0.47638888888888886 0.1015625 0.06944444444444445
0 0.275390625 0.5402777777777777 0.05859375 0.10555555555555556
0 0.388671875 0.5569444444444445 0.02578125 0.09722222222222222
0 0.4140625 0.5423611111111111 0.03125 0.09305555555555556
0 0.5046875 0.55 0.025 0.08333333333333333
0 0.544140625 0.5694444444444444 0.05078125 0.09166666666666666
0 0.63828125 0.58125 0.0484375 0.08194444444444444
3 0.29765625 0.8701388888888889 0.0609375 0.0763888888888889
3 0.3671875 0.8611111111111112 0.0515625 0.08888888888888889
3 0.426953125 0.8555555555555555 0.06171875 0.07222222222222222
3 0.4828125 0.85625 0.05625 0.08472222222222223
3 0.555859375 0.8493055555555555 0.05703125 0.07083333333333333
3 0.61484375 0.8625 0.04375 0.08611111111111111