3 0.1931704781704782 0.77571875 0.1082848232848233 0.055335937499999946
3 0.30145530145530147 0.7407265625 0.09615384615384616 0.0576171875
3 0.36577962577962575 0.7400703125 0.061070686070686074 0.07193749999999995
3 0.48336798336798337 0.7350234375 0.09615384615384616 0.06380468750000005
3 0.5442203742203742 0.755859375 0.09571725571725564 0.08203125
3 0.6574844074844075 0.7685546875 0.09095634095634096 0.064453125
3 0.7683679833679833 0.7734375 0.05283783783783776 0.0546875
3 0.8543451143451143 0.7778359375000001 0.10265072765072765 0.0693359375
0 0.4067047817047817 0.500328125 0.11434511434511435 0.059242187499999946
0 0.4781704781704782 0.5364609375 0.09615384615384616 0.08072656249999995
0 0.715956340956341 0.5657578125 0.07796257796257797 0.061195312499999946
0 0.9262370062370062 0.56803125 0.03854469854469847 0.09310156250000005
2 0.28889812889812894 0.2428359375 0.10741164241164246 0.10286718749999997
2 0.44612266112266113 0.2493515625 0.12560291060291065 0.10025781250000003
2 0.6172037422037422 0.2486953125 0.16112266112266113 0.08333593749999997
2 0.8292203742203743 0.296875 0.11478170478170485 0.1015625