2 0.240625 0.34444444444444444 0.059375 0.06944444444444445
2 0.31953125 0.31666666666666665 0.059375 0.05555555555555555
2 0.388671875 0.3229166666666667 0.04921875 0.06805555555555555
2 0.467578125 0.33819444444444446 0.05234375 0.06805555555555555
2 0.5625 0.3548611111111111 0.0578125 0.08472222222222223
0 0.1390625 0.5819444444444445 0.0390625 0.05277777777777778
0 0.26875 0.6055555555555555 0.0328125 0.075
0 0.346484375 0.6243055555555556 0.02421875 0.07916666666666666
0 0.40859375 0.6229166666666667 0.0296875 0.08472222222222223
0 0.494140625 0.6208333333333333 0.02265625 0.09444444444444444
0 0.517578125 0.65625 0.02890625 0.07361111111111111
0 0.594140625 0.6444444444444445 0.02578125 0.07222222222222222
3 0.153515625 0.8534722222222222 0.05546875 0.06527777777777778
3 0.213671875 0.81875 0.03984375 0.05138888888888889
3 0.241796875 0.8458333333333333 0.06484375 0.06388888888888888
3 0.301171875 0.8458333333333333 0.04296875 0.07777777777777778
3 0.36328125 0.8388888888888889 0.028125 0.07222222222222222
3 0.390625 0.8430555555555556 0.021875 0.058333333333333334
3 0.42578125 0.8597222222222223 0.0296875 0.06111111111111111
3 0.488671875 0.8736111111111111 0.02890625 0.07222222222222222
3 0.521875 0.8763888888888889 0.0390625 0.075
3 0.567578125 0.8798611111111111 0.05078125 0.07083333333333333