2 0.17013541666666668 0.3177109375 0.10416666666666667 0.06510156250000003
2 0.30555208333333334 0.38671875 0.1111145833333333 0.059898437500000054
2 0.47742708333333334 0.3600234375 0.08333333333333333 0.04817968749999997
2 0.6102395833333334 0.365234375 0.078125 0.04817968749999997
2 0.7335104166666666 0.392578125 0.09895833333333333 0.037757812499999946
2 0.90190625 0.353515625 0.11979166666666667 0.06119531250000003
3 0.08072916666666667 0.8170546875 0.09895833333333333 0.055992187500000054
3 0.19965624999999998 0.818359375 0.07986458333333335 0.06380468750000005
3 0.24739583333333334 0.77734375 0.046875 0.0625
3 0.33940624999999996 0.787109375 0.078125 0.05078125
3 0.41753124999999996 0.7701796875 0.05382291666666662 0.05078125
3 0.5182291666666666 0.7584609375 0.06076041666666659 0.048179687500000054
3 0.5651041666666666 0.74609375 0.05382291666666674 0.0546875
3 0.6310729166666668 0.755859375 0.06076041666666659 0.04296875
3 0.68403125 0.7701796875 0.05555208333333326 0.048179687500000054
3 0.7473958333333334 0.7806015625 0.06076041666666659 0.05078125
3 0.8020833333333334 0.7981796874999999 0.0763854166666666 0.052085937500000054
3 0.9071145833333334 0.8229140625 0.08507291666666675 0.057289062499999946