2 0.3333333333333333 0.1875 0.09722222222222222 0.04166666666666667
2 0.4942129629629629 0.18294270833333331 0.15509259259259253 0.05078124999999998
2 0.755787037037037 0.2109375 0.11805555555555555 0.0390625
0 0.2488425925925926 0.3704427083333333 0.08101851851851849 0.03515625
0 0.3993055555555556 0.369140625 0.0856481481481481 0.0377604166666667
0 0.5914351851851851 0.37109375 0.0532407407407408 0.028645833333333304
0 0.6261574074074073 0.3782552083333333 0.0625 0.029947916666666696
0 0.8078703703703703 0.39127604166666663 0.06018518518518508 0.0325520833333333
3 0.29282407407407407 0.4915364583333333 0.09027777777777778 0.03515625
3 0.3576388888888889 0.494140625 0.0763888888888889 0.03255208333333339
3 0.4594907407407407 0.4921875 0.0625 0.03385416666666661
3 0.5474537037037036 0.494140625 0.0532407407407408 0.02734375
3 0.6122685185185185 0.501953125 0.057870370370370315 0.03255208333333339
3 0.7581018518518517 0.5026041666666666 0.0763888888888889 0.03645833333333339