2 0.11284374999999999 0.314453125 0.13888541666666668 0.06640625
2 0.296875 0.2942734375 0.10416666666666667 0.05208593749999997
2 0.3880208333333333 0.3333359375 0.078125 0.04427343749999997
2 0.49044791666666665 0.330078125 0.078125 0.04817968749999997
2 0.5529479166666668 0.3229140625 0.08507291666666675 0.0546875
2 0.6267395833333332 0.3046875 0.1076354166666666 0.0703125
2 0.85590625 0.3177109375 0.1076354166666666 0.06510156250000003
3 0.15278124999999998 0.6979140625 0.09721874999999998 0.049476562499999946
3 0.23351041666666666 0.6920546875 0.053822916666666686 0.04296875
3 0.2864583333333333 0.703125 0.04861458333333329 0.044273437500000054
3 0.37153125000000004 0.693359375 0.07291666666666667 0.040367187500000054
3 0.32117708333333334 0.6529921875 0.03125 0.037757812499999946
3 0.5963541666666666 0.671875 0.057291666666666664 0.041664062499999946
3 0.7803854166666666 0.6927109375 0.07117708333333325 0.033851562499999946
3 0.875 0.7005234375 0.05903125000000008 0.046875
0 0.25346875 0.5397109375 0.06944791666666668 0.055992187500000054
0 0.390625 0.5240859375 0.04861458333333329 0.040367187500000054
0 0.4739583333333333 0.49283593750000004 0.03819791666666662 0.024742187500000058
0 0.49913541666666666 0.505859375 0.05382291666666662 0.022132812499999942
0 0.58159375 0.5188828125 0.04513541666666659 0.04296875
0 0.7005208333333334 0.5201796875 0.05034374999999992 0.045570312499999946