2 0.2361145833333333 0.0911484375 0.15625 0.07552343749999998
2 0.46961458333333334 0.08528906250000001 0.1545104166666667 0.07421875
2 0.70746875 0.10546875 0.14409374999999994 0.07291406249999999
0 0.15625 0.46224218749999996 0.10069791666666668 0.0859375
0 0.33680208333333334 0.455078125 0.0798645833333333 0.08463281249999995
0 0.39496875000000004 0.44271093749999996 0.0642395833333333 0.08072656249999995
0 0.5876770833333332 0.44010156250000004 0.06076041666666659 0.06771093750000005
0 0.640625 0.44986718750000004 0.052083333333333336 0.06900781249999995
0 0.82378125 0.43099218749999996 0.0920104166666666 0.0625
3 0.8055520833333334 0.6627578125 0.12846874999999994 0.0625
3 0.6501770833333332 0.67578125 0.11632291666666675 0.07291406249999995
3 0.5555520833333334 0.7076796875 0.1111145833333334 0.09505468750000005
3 0.421875 0.712890625 0.06944791666666662 0.08463281249999995
3 0.33680208333333334 0.724609375 0.13194791666666664 0.08463281249999995
3 0.16927083333333334 0.7493515625 0.08159374999999998 0.08724218750000005