2 0.20746874999999998 0.328125 0.08854166666666667 0.04166406250000003
2 0.36371875000000004 0.3665390625 0.06076041666666671 0.03775781250000003
2 0.4088541666666667 0.3561171875 0.06076041666666671 0.03255468749999997
2 0.4895833333333333 0.3899765625 0.06596875000000005 0.04036718749999997
2 0.5607604166666668 0.3958359375 0.05555208333333326 0.028648437499999967
2 0.6727395833333334 0.41080468750000004 0.07465625000000008 0.04296875
2 0.7430520833333334 0.3951796875 0.08333333333333333 0.029945312500000033
2 0.8611145833333332 0.41341406249999996 0.08333333333333333 0.053382812499999946
3 0.22309374999999998 0.6171875 0.050343749999999986 0.036460937500000054
3 0.2708333333333333 0.6171875 0.05555208333333338 0.03125
3 0.3567708333333333 0.6321640625 0.057291666666666664 0.032554687500000054
3 0.41232291666666665 0.6373671875 0.06076041666666671 0.01953125
3 0.46267708333333335 0.6341171875 0.04340624999999996 0.036460937500000054
3 0.42794791666666665 0.6126328125 0.02951041666666671 0.029945312499999942
3 0.5 0.623046875 0.03819791666666662 0.024742187500000058
3 0.5572916666666666 0.6178359375 0.041666666666666664 0.029945312499999942
3 0.6006979166666666 0.6243515625 0.04861458333333341 0.03515625
3 0.6510416666666666 0.6295546875 0.04861458333333341 0.02734375
3 0.7005208333333334 0.6282578125 0.03992708333333326 0.032554687500000054
3 0.73090625 0.6184921875 0.041666666666666664 0.033851562499999946
3 0.7682291666666666 0.6197890625 0.046875 0.028648437500000058
3 0.8359375 0.6263046875 0.06076041666666659 0.041664062499999946
3 0.8776041666666666 0.6282578125 0.07465625000000008 0.045570312499999946