3 0.089875 0.5888046874999999 0.050166666666666665 0.026960937499999994
3 0.15442708333333333 0.5899062500000001 0.04509375000000002 0.03264062499999998
3 0.23486458333333332 0.5701562499999999 0.04402083333333332 0.04692187499999996
3 0.3112083333333333 0.5716171875 0.053250000000000006 0.0376953125
3 0.37103125 0.5625078125 0.038718749999999955 0.03857031249999991
3 0.4484791666666667 0.570828125 0.024708333333333363 0.036117187500000016
3 0.493375 0.5808046874999999 0.035843749999999966 0.03350781250000008
3 0.5781145833333333 0.5841171875 0.03876041666666671 0.033195312500000004
2 0.12278125000000001 0.260515625 0.07896875 0.04190624999999999
2 0.2795520833333333 0.27731249999999996 0.06397916666666663 0.04772656250000003
2 0.41892708333333334 0.27131249999999996 0.08591666666666668 0.05656249999999998
2 0.5530416666666667 0.2806640625 0.07419791666666668 0.045757812500000036
1 0.12256249999999999 0.4179375 0.1340625 0.03921093750000004
1 0.4131354166666667 0.40891406249999995 0.09747916666666671 0.036765624999999955