2 0.21524305555555553 0.355859375 0.13184027777777776 0.04571874999999999
2 0.4046180555555556 0.3886640625 0.09390625000000005 0.042570312500000006
2 0.6130729166666666 0.3863125 0.08722222222222224 0.041593750000000006
2 0.8111111111111111 0.37467968749999997 0.10135416666666666 0.036476562499999955
1 0.21628472222222223 0.5041484374999999 0.21380208333333334 0.030382812500000078
1 0.5986284722222223 0.5112421875 0.17020833333333327 0.032874999999999946
1 0.7830555555555556 0.5029375 0.17199652777777785 0.031289062499999964
0 0.5072222222222222 0.538078125 0.08008680555555554 0.02315625000000008
0 0.6661284722222223 0.544484375 0.04194444444444439 0.02095312499999995
0 0.8829861111111111 0.54171875 0.053003472222222174 0.037101562500000004
3 0.16119791666666666 0.6804609375 0.1184375 0.030953124999999915
3 0.25168402777777776 0.6619296875 0.09920138888888887 0.0255859375
3 0.33703125 0.6486953125 0.07340277777777773 0.030820312500000037
3 0.4299652777777778 0.640734375 0.06274305555555554 0.03158593750000005
3 0.5092361111111111 0.640359375 0.0692881944444444 0.03082812500000003
3 0.6402604166666667 0.6395625 0.09031249999999996 0.030906249999999958
3 0.6930902777777779 0.649109375 0.058784722222222245 0.02999218750000008
3 0.8115451388888889 0.6577968750000001 0.0880729166666667 0.03233593750000008