3 0.4605753968253968 0.6372619047619048 0.12088624338624333 0.034446924603174625
3 0.45984126984126983 0.5191790674603174 0.11941468253968258 0.04794890873015874
3 0.651087962962963 0.847249503968254 0.07201719576719583 0.03775297619047642
3 0.7253075396825396 0.8553794642857142 0.07936507936507932 0.0391319444444445
0 0.6001984126984127 0.7275124007936508 0.04739748677248675 0.0413368055555555
0 0.6927910052910052 0.7258606150793651 0.04739748677248675 0.03802827380952376
2 0.646494708994709 0.5668551587301587 0.078263888888889 0.04739831349206334
1 0.36155092592592586 0.4106051587301587 0.19841269841269843 0.07550595238095234
0 0.4607572751322751 0.30051339285714285 0.11463955026455028 0.05538938492063492
0 0.4695767195767196 0.16589533730158731 0.07054563492063484 0.07550595238095241
2 0.2972519841269841 0.21604910714285713 0.13594907407407403 0.07660962301587304