2 0.22050233644859812 0.338785046728972 0.0788551401869159 0.08047767393561785
2 0.4156931464174455 0.3446261682242991 0.07009345794392523 0.07658359293873312
2 0.5305685358255452 0.3783748701973001 0.05646417445482861 0.06360332294911733
2 0.6556658878504673 0.35695742471443404 0.055490654205607545 0.0623052959501558
2 0.7846573208722741 0.37902388369678086 0.06425233644859815 0.051921079958463186
3 0.1990848909657321 0.9659916926272066 0.04186137071651088 0.06801661474558666
3 0.2638239875389408 0.9559968847352025 0.06619937694704055 0.07139148494288676
3 0.36993769470404986 0.9287383177570093 0.04088785046728969 0.07139148494288676
3 0.444898753894081 0.8975856697819314 0.052570093457943834 0.0687954309449637
3 0.5067172897196262 0.8813603322949117 0.04380841121495323 0.05451713395638625
3 0.5505257009345794 0.8586448598130841 0.05938473520249214 0.061007268951194266
3 0.6089369158878505 0.849558670820353 0.032126168224299076 0.0661993769470404
3 0.6731892523364487 0.8326843198338525 0.0671728971962617 0.04543094496365517
3 0.7427959501557633 0.8203530633437175 0.03115264797507784 0.04672897196261682
3 0.802667445482866 0.8080218068535826 0.05938473520249223 0.04543094496365517