2 0.6276993166287016 0.11383826879271072 0.05493166287015949 0.06940774487471528
2 0.6111845102505695 0.2676765375854214 0.037710706150341625 0.05591116173120723
2 0.6377448747152621 0.4147608200455581 0.05397494305239192 0.06312072892938492
2 0.6285421412300684 0.5384510250569476 0.04608200455580871 0.05251708428246023
2 0.6355922551252847 0.6523348519362188 0.03913439635535294 0.05914578587699317
2 0.6406264236902051 0.7884738041002278 0.03865603644646924 0.05236902050113894
2 0.6411617312072895 0.910489749430524 0.04236902050113898 0.059476082004555765
3 0.2594419134396356 0.10031890660592255 0.04500000000000002 0.05816628701594534
3 0.2629043280182233 0.16522779043280184 0.05720956719817769 0.0431776765375854
3 0.2814578587699317 0.24417995444191343 0.04165148063781325 0.04312072892938499
3 0.28085421412300693 0.30948747152619593 0.040455580865603656 0.06318906605922558
3 0.2927562642369021 0.3925056947608201 0.04056947608200456 0.05021640091116177
3 0.2996355353075171 0.4409567198177677 0.041161731207289255 0.04181093394077458
3 0.3009567198177677 0.5153075170842825 0.038530751708428304 0.05097949886104782
3 0.30526195899772207 0.5671070615034168 0.041879271070614975 0.03348519362186782
3 0.31083143507972666 0.6271640091116173 0.04510250569476089 0.03775626423690213
3 0.2901822323462415 0.6898405466970388 0.06963553530751714 0.036753986332574054
3 0.29096810933940775 0.7509111617312072 0.03698177676537586 0.05095671981776775
3 0.2787585421412301 0.8205353075170843 0.04941913439635535 0.04804100227790435
3 0.2715261958997722 0.8867425968109339 0.03758542141230068 0.05673120728929391
3 0.2557972665148064 0.9632460136674261 0.04034168564920275 0.054419134396355415
0 0.4122209567198178 0.07132118451025057 0.05045558086560362 0.03963553530751709
0 0.42634396355353077 0.185375854214123 0.06289293849658315 0.03873576309794986
0 0.43202733485193623 0.21193621867881554 0.05391799544419147 0.028667425968109384
0 0.4374031890660593 0.3231890660592255 0.04554669703872438 0.04056947608200456
0 0.4782687927107062 0.4197266514806378 0.04038724373576308 0.038838268792710726
0 0.4654100227790433 0.4194874715261959 0.027824601366742564 0.04888382687927102
0 0.44411161731207294 0.5002391799544419 0.027357630979498816 0.026104783599088854
0 0.44817767653758545 0.588997722095672 0.04075170842824605 0.03514806378132107
0 0.44799544419134396 0.7048519362186789 0.04829157175398624 0.037824601366742705
0 0.44961275626423697 0.7302164009111618 0.05941913439635531 0.02536446469248297
0 0.4344191343963554 0.829510250569476 0.03956719817767649 0.03965831435079714
0 0.43046697038724374 0.8523006833712985 0.047460136674259704 0.029954441913439565
1 0.4676765375854215 0.1299886104783599 0.03764236902050104 0.10169703872437359
1 0.46074031890660594 0.2686902050113895 0.03955580865603654 0.0921526195899773
1 0.47784738041002284 0.4145102505694761 0.0316514806378132 0.09948747152619593
1 0.4716287015945331 0.533359908883827 0.029738041002277883 0.08183371298405469
1 0.47689066059225516 0.6580182232346242 0.045535307517084254 0.0836674259681093
1 0.46971526195899777 0.7839749430523918 0.031173120728929325 0.1091913439635536
1 0.46283599088838273 0.9124601366742597 0.030580865603644723 0.08184510250569481