2 0.30078125 0.3079427083333333 0.1328125 0.06901041666666667
0 0.33056640625 0.38671875 0.0673828125 0.08072916666666667
0 0.6455078125 0.4329427083333333 0.060546875 0.08984375
0 0.64697265625 0.3404947916666667 0.0537109375 0.08723958333333333
2 0.689453125 0.31640625 0.115234375 0.0546875
0 0.32666015625 0.5618489583333334 0.0439453125 0.055989583333333336
3 0.2294921875 0.9759114583333334 0.142578125 0.048177083333333336
3 0.7021484375 0.9765625 0.05859375 0.046875
3 0.79931640625 0.9889322916666666 0.0576171875 0.022135416666666668
1 0.23779296875 0.587890625 0.1298828125 0.07421875
1 0.7353515625 0.5703125 0.146484375 0.06510416666666667