2 0.29284391534391535 0.2212847222222222 0.12712962962962968 0.07716021825396827
2 0.6442890211640211 0.5628571428571428 0.07385251322751311 0.050982142857142955
1 0.3542030423280423 0.42066220238095237 0.19253306878306872 0.09066468253968249
0 0.4451421957671957 0.30092509920634913 0.11647486772486768 0.04794890873015874
0 0.6058928571428571 0.7283407738095238 0.04776455026455035 0.03306795634920636
0 0.6935251322751321 0.7255853174603174 0.031230158730158546 0.03417162698412692
0 0.45634920634920634 0.16327628968253965 0.044090608465608486 0.0785391865079365
3 0.6437400793650794 0.8527604166666667 0.06613756613756602 0.042162698412698416
3 0.7234722222222222 0.8670907738095238 0.05364417989417992 0.03775297619047642
3 0.45175595238095234 0.6451165674603174 0.12088624338624333 0.045193452380952515
3 0.4438558201058201 0.5082936507936509 0.10728835978835984 0.06090277777777775