2 0.29012037037037036 0.4343177083333333 0.14814814814814808 0.05266145833333322
2 0.5087407407407407 0.41058854166666664 0.1224259259259259 0.046875
2 0.672324074074074 0.40856250000000005 0.1409444444444444 0.025463541666666735
0 0.21038888888888885 0.6432291666666666 0.05658333333333335 0.046875
0 0.4423888888888889 0.615015625 0.032925925925925824 0.061630208333333235
0 0.412037037037037 0.635125 0.0771574074074075 0.03761458333333323
0 0.5972222222222222 0.6140052083333334 0.07715740740740734 0.06134375000000016
0 0.7919259259259258 0.6273125 0.11162962962962947 0.06018749999999997
1 0.3094166666666666 0.6099531249999999 0.2083333333333333 0.046296874999999994
1 0.518 0.5729166666666666 0.20267592592592587 0.04166666666666661
1 0.6965 0.5785572916666666 0.19547222222222224 0.051213541666666626
3 0.2664629629629629 0.7919583333333333 0.10082407407407404 0.04571875000000016
3 0.3811759259259259 0.7886302083333334 0.10185185185185186 0.047744791666666675
3 0.4832777777777778 0.7880520833333333 0.07459259259259249 0.04658333333333342
3 0.5797314814814815 0.7818281249999999 0.07922222222222217 0.04282291666666662
3 0.6746388888888889 0.77575 0.12397222222222229 0.05497916666666667
3 0.8032407407407406 0.7932604166666666 0.06018518518518508 0.06394791666666677