2 0.42828125 0.1857421875 0.12319791666666664 0.06796875
2 0.7156354166666666 0.17878125 0.17707291666666666 0.0790546875
0 0.30936458333333333 0.499140625 0.07703125000000005 0.057273437499999955
1 0.41510416666666666 0.4495078125 0.21769791666666669 0.04864062499999999
0 0.5219166666666667 0.4970078125 0.10631250000000006 0.05301562499999992
0 0.82234375 0.49850000000000005 0.06966666666666678 0.05287500000000005
0 0.5951145833333332 0.4939609375 0.07353124999999991 0.05628124999999997
1 0.7213125 0.450359375 0.1884270833333332 0.07533593750000005
3 0.35253125 0.7331562500000001 0.09670833333333337 0.06906250000000007
3 0.5161458333333333 0.719453125 0.09892708333333336 0.08227343749999996
3 0.6395104166666666 0.71646875 0.08317708333333323 0.08256250000000005
3 0.73296875 0.7130625 0.07423958333333332 0.06950000000000003