2 0.1672219986586184 0.06587619047619049 0.182073775989269 0.13174285714285716
2 0.3798792756539236 0.12221904761904764 0.1631120053655265 0.13587619047619054
2 0.5415640509725017 0.10380952380952382 0.14307712944332668 0.09142857142857143
2 0.8212796780684106 0.10380952380952382 0.18743930248155619 0.15238095238095242
3 0.1101757209926224 0.7971428571428574 0.08727565392354128 0.09904761904761913
3 0.20603621730382296 0.7612666666666668 0.09872568745808184 0.061590476190476195
3 0.2816901408450705 0.7904761904761906 0.08477531857813547 0.08952380952380956
3 0.41349966465459426 0.7614285714285715 0.11876056338028163 0.056190476190476166
3 0.4549966465459424 0.7925428571428572 0.17598926894701541 0.08031428571428556
3 0.5930731052984575 0.839361904761905 0.08298323272971146 0.08063809523809526
3 0.6688987256874581 0.887304761904762 0.10588329979879284 0.0888857142857141
3 0.8091213950368881 0.9452380952380952 0.12018779342723002 0.1095238095238095