2 0.2894375 0.2568035714285714 0.04292187500000004 0.10244642857142858
2 0.386328125 0.27789285714285716 0.0663984375 0.10892857142857143
2 0.7073359375 0.37226785714285715 0.06621874999999999 0.108375
0 0.23628125 0.61075 0.025679687500000003 0.08892857142857134
0 0.3283515625 0.6039285714285714 0.01763281250000004 0.08957142857142851
0 0.355828125 0.6398035714285715 0.01946874999999997 0.08273214285714293
0 0.4204140625 0.6118928571428572 0.0251953125 0.07691071428571437
0 0.6508828125 0.4647678571428571 0.0314453125 0.07910714285714278
3 0.272890625 0.8837142857142857 0.03482812500000003 0.08485714285714283
3 0.310953125 0.8907857142857143 0.029703124999999986 0.07398214285714277
3 0.36605468750000003 0.9092857142857143 0.027414062500000023 0.08241071428571424
3 0.3941015625 0.8893214285714285 0.03664062499999998 0.06392857142857135
3 0.648078125 0.9642142857142858 0.05551562499999996 0.060142857142857255
3 0.68984375 0.975 0.0359375 0.05