3 0.17955208333333333 0.8449140625 0.07158333333333336 0.061328125
3 0.27697916666666667 0.8114062499999999 0.0622708333333333 0.06304687499999986
3 0.3568020833333333 0.7849921875 0.0427395833333333 0.04772656250000011
3 0.4613229166666667 0.7627734375 0.06845833333333336 0.043906250000000036
3 0.5053541666666667 0.7365 0.05235416666666666 0.05386718750000004
3 0.5805312499999999 0.7260625 0.06104166666666657 0.05486718750000001
3 0.6255000000000001 0.712078125 0.046822916666666714 0.048765625000000055
1 0.23313541666666668 0.5919375 0.15375000000000003 0.06474218750000009
1 0.41094791666666663 0.54834375 0.14270833333333333 0.05255468749999999
1 0.5453020833333333 0.5209374999999999 0.1239166666666667 0.04774999999999992
1 0.6567500000000001 0.49793750000000003 0.1093020833333334 0.04548437500000002
1 0.7143125 0.5063125 0.0661041666666667 0.03725000000000005
2 0.23030208333333332 0.375453125 0.10640625000000004 0.06614843749999996
2 0.3884166666666667 0.3697734375 0.0893125 0.05479687499999999
2 0.5068645833333333 0.357140625 0.07204166666666663 0.05451562499999998
2 0.6430208333333333 0.354015625 0.06102083333333326 0.060765624999999976
2 0.7064583333333334 0.37772656250000003 0.06288541666666655 0.0644453125