3 0.14118923611111112 0.48193359375 0.036059027777777794 0.014128906250000028
3 0.14996527777777777 0.44990234375 0.043168402777777795 0.016750000000000043
3 0.3297309027777778 0.428453125 0.04785590277777777 0.016125000000000077
3 0.20157118055555556 0.30484374999999997 0.046189236111111094 0.024394531250000018
3 0.3311631944444444 0.24573046875000001 0.052821180555555576 0.010425781250000021
3 0.3259548611111111 0.27210546875 0.02151909722222219 0.010578124999999971
2 0.08447916666666666 0.37503515625 0.06248263888888891 0.01636328125000004
2 0.33249131944444443 0.32183203125 0.059652777777777805 0.016097656250000016
2 0.2857291666666667 0.16208984375 0.04126736111111108 0.02067578124999998
1 0.2715885416666667 0.20240624999999998 0.07143229166666663 0.01770703124999997
1 0.06972222222222221 0.40700390625000005 0.09768229166666664 0.016429687499999977
1 0.322109375 0.3635078125 0.07853298611111113 0.021492187499999992