3 0.21806757047557565 0.7359264041316979 0.04931353561437491 0.04462233699160745
3 0.28709274800946843 0.7045771465461589 0.10559931138368847 0.040890897353131096
3 0.35241661286851733 0.7073143963847645 0.06642565095760702 0.04399612653324727
3 0.42030557348827197 0.7023305358295675 0.04495803744351186 0.04110393802453203
3 0.49211964708414035 0.6934861200774693 0.04708414030557352 0.03521626856036164
3 0.5530019367333765 0.6984183344092962 0.0682160533677641 0.04036152356358933
3 0.630178609855821 0.6955261459005809 0.06533247256294387 0.0440025823111684
3 0.6986442866365397 0.7096707553260168 0.05130191521411665 0.0392834086507424
3 0.7791779642780289 0.7207617817947063 0.033122444587906114 0.044951581665590726
3 0.8712890036582742 0.7341058747579084 0.06324940822035714 0.05041316978695942
0 0.3312674843985367 0.5671207230471272 0.04298687325156022 0.06080051646223374
0 0.4506046911986228 0.5699160748870239 0.030083925112976098 0.03807617817947069
0 0.4896234129545944 0.559567462879277 0.05780073165483112 0.048050355067785766
0 0.5880955455132343 0.5635377663008392 0.0409038089089736 0.046552614590058106
0 0.6163890682160533 0.5602646868947708 0.047187432752313185 0.042369270497094824
0 0.7446610716591349 0.5748934796642995 0.0364191951796857 0.04096836668818593
0 0.7700365827415537 0.5729632020658489 0.039991392296105016 0.05125887669464184
0 0.9394620185065635 0.5896320206584893 0.06122659780503549 0.058644286636539714
1 0.2655820959758985 0.5497094899935442 0.12862491930277598 0.037766300839251164
1 0.369847213255864 0.5359909619109102 0.12015493867010972 0.04806326662362821
1 0.5489993544222078 0.5245255003227889 0.11052291801162042 0.03457069076823753
1 0.6829868732515602 0.5411878631375081 0.11119431891542936 0.04195610071013558
1 0.8634215622982571 0.5320271142672692 0.17329890251775334 0.049567462879277005
2 0.2555799440499247 0.3895868302130407 0.09288573273079402 0.04536475145255001
2 0.40250484183344093 0.38775984506132993 0.08483752958898212 0.051149128469980674
2 0.5381364321067356 0.3839573918657198 0.0793630299117711 0.04590058102001286
2 0.6867054013341941 0.3919948353776631 0.06516031848504417 0.038392511297611384
2 0.8587820098988596 0.37993544222078757 0.1011233053582958 0.049651387992253146