2 0.2690989583333333 0.40169140625 0.09722395833333337 0.05078125
2 0.4071197916666666 0.41276171875 0.109375 0.03645703124999997
2 0.5512135416666666 0.4296875 0.11979166666666667 0.046875
3 0.2274322916666667 0.767578125 0.08333333333333333 0.05859375
3 0.3012135416666667 0.75455859375 0.06770833333333333 0.06380078124999997
3 0.3949635416666667 0.75716015625 0.046875 0.05338671875000003
3 0.4565989583333333 0.74544140625 0.0694427083333333 0.05338671875000003
3 0.525171875 0.73958203125 0.06076562500000004 0.0546875
3 0.5972239583333334 0.72395703125 0.0868072916666667 0.0625
0 0.623265625 0.60416796875 0.052083333333333336 0.04426953124999997
0 0.5052083333333334 0.615234375 0.034723958333333374 0.04036328124999997
0 0.462671875 0.60481640625 0.0399322916666667 0.05598828124999997
0 0.373265625 0.60612109375 0.04514062500000004 0.05859375
0 0.3255208333333333 0.615234375 0.050348958333333374 0.05338671875000003
0 0.21527604166666667 0.61979296875 0.06597395833333332 0.046875