3 0.6035667014977358 0.6194710583248708 0.15382793451758958 0.08942656286026858
3 0.522911877394636 0.5810960503529712 0.08724486241727618 0.06919118332425779
3 0.6617067223963775 0.49243086523319646 0.10846394984326027 0.058257171030361966
3 0.7492163009404389 0.5645498206935797 0.11072100313479633 0.07376729902227712
3 0.8505189829327761 0.54664566990939 0.09042145593869735 0.041106548731609426
3 0.8685057471264367 0.5074778871767701 0.11523510971786821 0.053830191178418405
0 0.4683246255660048 0.4292208142620964 0.09510275165447585 0.07627906064040114
0 0.7202089864158828 0.42331032520444845 0.10287704632532216 0.04246446985640761
0 0.7376941832114245 0.36887574138666895 0.09324973876698021 0.03722116747857397
2 0.5085893416927899 0.16884532552332454 0.24249390456287015 0.08926957775913581
2 0.8137931034482758 0.19616858237547888 0.18414489724834576 0.07171079419743817