3 0.25785466269841273 0.9854497354497355 0.02661954365079362 0.029100529100529116
3 0.3125 0.9678130511463844 0.04960317460317461 0.06437389770723093
3 0.3890550595238095 0.9319532627865962 0.041996527777777806 0.08612433862433874
3 0.4573412698412699 0.9141666666666666 0.04563492063492056 0.06290564373897717
3 0.5290997023809523 0.9174029982363316 0.04232886904761912 0.07995149911816574
3 0.5988764880952381 0.9362125220458554 0.0548933531746032 0.07525132275132289
3 0.6483953373015872 0.9125529100529101 0.04183283730158731 0.08965167548500877
3 0.6889880952380951 0.9135802469135802 0.03075396825396819 0.06172839506172825
0 0.2313169642857143 0.7128174603174603 0.0598536706349206 0.12227954144620815
0 0.33787946428571425 0.6937081128747794 0.043816964285714285 0.08054232804232808
0 0.3792162698412698 0.6691666666666667 0.03918650793650791 0.06143298059964716
0 0.4751984126984127 0.6579938271604938 0.037698412698412655 0.05320546737213413
0 0.5151289682539681 0.6596119929453262 0.03323412698412707 0.0828924162257495
0 0.6006944444444444 0.6531437389770722 0.03670634920634921 0.08406966490299826
0 0.6342584325396825 0.6474118165784831 0.030424107142857083 0.06731481481481486
0 0.721063988095238 0.6554982363315697 0.03538442460317466 0.07466049382716054
2 0.2843923611111111 0.3205467372134039 0.08068700396825398 0.09788359788359789
2 0.41600446428571425 0.2976190476190476 0.0820114087301587 0.08730158730158727
2 0.5544816468253968 0.2980599647266314 0.07225446428571428 0.08641975308641976
2 0.6832018849206349 0.31525573192239853 0.064813988095238 0.09435626102292767