2 0.1489861111111111 0.2709453125 0.11461111111111112 0.0508828125
2 0.48933333333333334 0.28123437500000004 0.1508611111111111 0.05584375000000001
2 0.7557083333333333 0.272359375 0.12804166666666675 0.053718749999999996
0 0.087 0.5054609375 0.10730555555555558 0.04178906250000001
0 0.277125 0.4964453125 0.06533333333333337 0.045632812500000064
0 0.3819027777777778 0.4751484375 0.05266666666666661 0.03428125000000008
0 0.5474166666666667 0.47209375 0.04479166666666667 0.03755468749999995
0 0.6282083333333334 0.4921875 0.039722222222222256 0.037117187499999996
0 0.8036805555555555 0.5002109375 0.0573333333333333 0.04378124999999997
3 0.14077777777777778 0.647609375 0.07043055555555557 0.03858593750000008
3 0.23079166666666664 0.6439140625 0.06711111111111111 0.03744531250000005
3 0.3629722222222222 0.6228281250000001 0.07034722222222219 0.04839843750000004
3 0.47305555555555556 0.625953125 0.057194444444444374 0.04214843750000004
3 0.6437361111111112 0.648171875 0.05409722222222228 0.04596874999999993