3 0.27216997561825146 0.6600674054777987 0.14304423545802855 0.04817087828258285
3 0.28583768721699754 0.6198321240574761 0.1258098223615465 0.04306101324071211
3 0.5498850574712644 0.6047144588183927 0.06874259839777087 0.05048640852429089
3 0.6418251480320446 0.6206170495631398 0.1077115987460816 0.04149116222938452
3 0.6749982584465343 0.6758365588865831 0.1629118773946361 0.04516461359589093
3 0.6691745036572622 0.7145647833360315 0.18470219435736693 0.050423614483837975
0 0.26152560083594567 0.4763084953468635 0.08833159177986757 0.04485849264868215
0 0.36094740508533607 0.46053934193807916 0.03637756879136194 0.04786475733537407
0 0.5248066875653082 0.45491142606247015 0.0631696273075584 0.0334613743064449
0 0.5373458725182862 0.5031293998753931 0.093820968303727 0.048265069343262586
2 0.36156043190525944 0.2692137499325455 0.17695576454197143 0.07965424031475513
2 0.5909160571229536 0.285626542255974 0.12849878091257397 0.0810671062249498
2 0.6908254963427376 0.2557365790002992 0.16671543016370596 0.0809493673991003