2 0.07795833333333334 0.31353906249999997 0.08922916666666666 0.07357031249999997
2 0.22566666666666665 0.30260937499999996 0.09296875 0.06421093749999995
2 0.42042708333333334 0.3151796875 0.07832291666666673 0.036226562500000004
2 0.5756041666666667 0.3063046875 0.05952083333333344 0.03410156249999998
2 0.7061666666666666 0.295015625 0.07482291666666659 0.0396484375
2 0.8517916666666667 0.2791796875 0.08272916666666674 0.04860156250000003
3 0.09140625 0.6409296875 0.06612499999999999 0.037734374999999966
3 0.15313541666666666 0.627515625 0.05625 0.039023437500000036
3 0.23247916666666668 0.6026640624999999 0.0566041666666667 0.05181249999999995
3 0.32053125 0.5940000000000001 0.06604166666666664 0.04074218750000007
3 0.4031875 0.5925078125 0.052197916666666684 0.04089062499999994
3 0.49134375 0.593578125 0.05765625000000003 0.02739843749999995
3 0.5290208333333334 0.58484375 0.05802083333333338 0.05054687500000003
3 0.6094062499999999 0.5875390625 0.05629166666666663 0.030953124999999915
3 0.7254895833333334 0.5866875 0.05511458333333342 0.03549218750000005
3 0.80284375 0.586546875 0.055666666666666725 0.04146093749999995
3 0.8762187499999999 0.5931484375 0.05658333333333327 0.04528906250000002
0 0.04103125 0.49878906250000005 0.057052083333333344 0.04094531250000007
0 0.16620833333333335 0.48621875000000003 0.049052083333333364 0.037687500000000006
0 0.3149479166666667 0.46527343749999994 0.025697916666666622 0.02078906249999992
0 0.21032291666666666 0.4760625 0.045614583333333354 0.036125000000000004
0 0.36995833333333333 0.47855468749999996 0.04821874999999996 0.02546874999999993
0 0.48792708333333334 0.47699218749999994 0.050833333333333286 0.028593749999999928
0 0.63128125 0.4749296875 0.02919791666666664 0.021351562499999942
0 0.5326145833333333 0.47855468749999996 0.04854166666666669 0.02546874999999993
0 0.6591145833333333 0.4651328125 0.026531250000000027 0.0267578125
0 0.74621875 0.46584375 0.03408333333333336 0.02817968749999995
0 0.7776562499999999 0.451640625 0.0469479166666666 0.03102343750000003
0 0.89259375 0.45767968750000004 0.05183333333333332 0.027468750000000063