3 0.35083333333333333 0.6759999999999999 0.08496875000000005 0.06412499999999995
3 0.43594791666666666 0.6739453125 0.09270833333333334 0.056882812499999956
3 0.5914166666666667 0.6620859375 0.06197916666666667 0.05504687500000003
3 0.68240625 0.6586093749999999 0.07312500000000005 0.04496874999999996
1 0.40166666666666667 0.41550000000000004 0.1991458333333334 0.040000000000000036
1 0.63875 0.43509374999999995 0.15664583333333346 0.06043749999999992
0 0.5535416666666666 0.4776953125 0.06956249999999997 0.05189062500000006
0 0.7236875 0.46754687500000003 0.047354166666666704 0.04096093750000005
0 0.3141875 0.4845859375 0.08252083333333336 0.07503124999999997
2 0.3914479166666667 0.202921875 0.08704166666666673 0.06483593750000001
2 0.62521875 0.21839843750000001 0.1004062500000001 0.07078906250000001
0 0.4869791666666667 0.46484375 0.06770833333333333 0.07552343750000005