3 0.27883854166666666 0.62974609375 0.07469270833333337 0.030550781250000013
3 0.33596354166666664 0.6341875 0.035265625000000016 0.02914453125000005
3 0.372125 0.64251171875 0.05271354166666668 0.029324218750000065
3 0.420515625 0.653265625 0.05070312499999995 0.030253906249999928
3 0.5076875 0.667484375 0.06589062500000012 0.02987109374999992
3 0.5813958333333333 0.68801171875 0.04316666666666672 0.031824218749999925
3 0.63096875 0.6895546875 0.04626562499999996 0.02873437499999998
3 0.6577239583333333 0.6955859375 0.047630208333333236 0.042855468750000014
3 0.7542447916666667 0.7149921875 0.08152083333333332 0.03021875000000005
3 0.82040625 0.73505078125 0.07389062499999995 0.05180859375000004
0 0.5827083333333333 0.5475859375 0.0430416666666666 0.04528125000000003
0 0.74153125 0.57475390625 0.03961979166666675 0.03582031249999993
0 0.6161302083333333 0.550671875 0.03854166666666667 0.03910546875000005
0 0.7017447916666666 0.55094921875 0.03689062499999996 0.04789843749999996
0 0.8540833333333333 0.59083984375 0.05891666666666661 0.039175781249999986
2 0.3077083333333333 0.36942578125000003 0.06932291666666662 0.038843750000000024
2 0.41808333333333336 0.37269921875 0.07053125000000003 0.04538671875000002
2 0.5249010416666666 0.35993359375 0.08384375000000001 0.046609374999999974
2 0.678921875 0.330890625 0.09002604166666663 0.05233203125000001
2 0.8119895833333334 0.3721328125 0.09821354166666675 0.06895312499999999