0 0.1990927419354839 0.6158816699480034 0.058803763440860225 0.16659094351052559
0 0.3305611559139785 0.6114644858397699 0.029401881720430102 0.13756373365641886
0 0.3477822580645161 0.5982129335150689 0.0487231182795699 0.11863294462113186
0 0.4767305107526882 0.5717098288656671 0.042842741935483805 0.15144631228229588
0 0.5157930107526882 0.5836993285880155 0.06888440860215059 0.15775657529405823
0 0.6254200268817204 0.5647685395527285 0.066364247311828 0.15270836488464842
3 0.22578125 0.9495305164319249 0.0546875 0.10093896713615023
3 0.32426075268817206 0.9332878994396486 0.0638440860215054 0.08960573476702499
3 0.3839045698924731 0.9244535312231814 0.0470430107526882 0.07950931394820537
3 0.4422883064516129 0.9206673734161239 0.056283602150537605 0.08455752435761518
3 0.5216733870967742 0.909939926296128 0.05712365591397841 0.09339189257408241
3 0.6002184139784946 0.9067847947902469 0.0697244623655914 0.07698520874350033
2 0.2515961021505376 0.22464536321873896 0.0798051075268817 0.06057852491291838
2 0.4061659946236559 0.21833510020697663 0.078125 0.09591599777878738
2 0.549815188172043 0.19183199555757482 0.0882056451612904 0.10601241859760714