2 0.19172916666666667 0.366015625 0.11609374999999998 0.059281249999999994
2 0.2723541666666666 0.395078125 0.06743750000000001 0.052468749999999974
2 0.3616770833333333 0.377921875 0.08319791666666668 0.04797656250000006
2 0.5007083333333333 0.3690390625 0.060125000000000026 0.048687500000000036
2 0.60690625 0.35969531250000003 0.0736666666666667 0.05414062499999996
2 0.7604583333333333 0.34489843750000004 0.07962500000000006 0.04302343750000004
3 0.16678125000000002 0.6976953124999999 0.05136458333333334 0.04549218750000002
3 0.24553125000000003 0.7105937499999999 0.06303125 0.044296875000000034
3 0.3162291666666667 0.7134375000000001 0.04912499999999997 0.04146093749999995
3 0.4371145833333333 0.6743828125 0.05224999999999997 0.051414062499999955
3 0.53653125 0.6824296875 0.03896875000000009 0.039101562499999964
3 0.5751979166666668 0.69675 0.050010416666666654 0.04075781250000006
3 0.6761874999999999 0.7102421875 0.047458333333333276 0.04217187500000001
3 0.7344166666666666 0.7186484375 0.059749999999999893 0.04050781249999993
3 0.7912291666666668 0.728234375 0.04837500000000006 0.04121874999999999