2 0.4401041666666667 0.3138046875 0.16145833333333334 0.07552343749999997
2 0.6501770833333332 0.3229140625 0.13715625000000006 0.0546875
0 0.35851041666666666 0.64453125 0.08854166666666667 0.08072656249999995
0 0.5607604166666668 0.63671875 0.041666666666666664 0.0703125
0 0.74653125 0.6412734375 0.07291666666666667 0.06900781249999995
0 0.5286458333333334 0.6334609375 0.03992708333333326 0.07942968750000005
1 0.6631979166666666 0.56640625 0.17708333333333334 0.044273437500000054
1 0.46007291666666666 0.5618515625 0.18055208333333336 0.05078125
3 0.3984375 0.837890625 0.07465624999999995 0.06900781249999995
3 0.5173645833333333 0.8229140625 0.08680208333333338 0.07291406249999995
3 0.5920104166666668 0.8294296875 0.1111145833333334 0.0703125
3 0.73003125 0.8404921875 0.08854166666666667 0.08203125