2 0.24667708333333332 0.28712499999999996 0.1683229166666667 0.08949218749999996
2 0.46917708333333336 0.3312890625 0.11333333333333329 0.07782031250000002
2 0.673875 0.329234375 0.13940624999999993 0.07058593750000001
1 0.25367708333333333 0.5357031250000001 0.24898958333333338 0.08352343750000006
0 0.12662500000000002 0.6126015625 0.04489583333333336 0.07168749999999999
0 0.33653125 0.61671875 0.060552083333333326 0.054929687499999956
3 0.1728333333333333 0.8484609375 0.10396875 0.09966406250000012
3 0.28966666666666663 0.8268828125000001 0.11263541666666667 0.06900781249999995
3 0.39059375 0.8129687499999999 0.08116666666666662 0.05992187499999986
3 0.5471979166666666 0.8165156250000001 0.08604166666666657 0.06702343749999998
3 0.6006979166666666 0.8106953125 0.08886458333333327 0.0616328124999999