2 0.2703541666666667 0.334546875 0.09135416666666671 0.04944531249999997
2 0.36651041666666667 0.319171875 0.07786458333333333 0.04310156249999997
2 0.49022916666666666 0.294421875 0.08305208333333335 0.04832031250000002
2 0.6701666666666667 0.3054140625 0.0912499999999999 0.04978125000000002
2 0.83046875 0.31135156249999996 0.09794791666666663 0.04700781249999997
3 0.24517708333333335 0.6161953125 0.04360416666666668 0.03052343749999995
3 0.28881249999999997 0.6211640625 0.03708333333333336 0.03166406249999998
3 0.34686458333333337 0.621078125 0.05552083333333328 0.03833593749999995
3 0.4052604166666667 0.6350781249999999 0.039437500000000014 0.03898437500000007
3 0.4741666666666667 0.6347578125 0.05873958333333332 0.04224218749999995
3 0.5371145833333333 0.6461484375000001 0.036156250000000036 0.04353906250000002
3 0.6025625 0.6570546875 0.0485104166666666 0.038000000000000075
3 0.6880833333333333 0.666984375 0.052833333333333364 0.04808593749999997
3 0.7552604166666667 0.6814765625 0.05823958333333342 0.03799218750000009
3 0.8482708333333334 0.7002734375 0.0475833333333334 0.04725781250000001