2 0.2415625 0.319078125 0.1331041666666667 0.09089843750000001
2 0.3982604166666667 0.3563515625 0.13399999999999998 0.08732031249999998
2 0.6117708333333333 0.32313281250000003 0.12352083333333326 0.04587500000000002
0 0.34979166666666667 0.6405078125 0.08705208333333339 0.055625000000000036
0 0.5003333333333333 0.6055703125 0.05481250000000001 0.05450781249999999
3 0.17272916666666666 0.841359375 0.10794791666666666 0.08546875000000007
3 0.289 0.8067187499999999 0.09881250000000001 0.07242187499999986
3 0.36655208333333333 0.8106249999999999 0.09140625 0.06460937499999986
3 0.47903125 0.7935078125 0.07470833333333336 0.06476562500000008
3 0.5374479166666667 0.7795234375 0.07904166666666677 0.058664062500000114
3 0.6600625 0.7643984374999999 0.09509374999999996 0.0690390625000001