2 0.11384771573604062 0.16291784169956758 0.16098477157360405 0.08669560312906154
2 0.30239593908629436 0.1285472097566558 0.15808121827411173 0.07772889640909944
2 0.48585786802030445 0.1898284247611107 0.14792893401015217 0.08370321325518851
2 0.6272690355329948 0.19879513148107275 0.1493807106598986 0.10462901656898567
2 0.8353908629441624 0.225695251640959 0.1595329949238579 0.10462901656898571
3 0.12037563451776648 0.8362892665342454 0.0957258883248731 0.09117372503821414
3 0.2081218274111675 0.7847176242673924 0.11167512690355333 0.059785020067518575
3 0.2762842639593908 0.8086358174550626 0.10007106598984769 0.1255548198827828
3 0.35823350253807107 0.7817252343935195 0.09282233502538073 0.11958050303669365
3 0.4467005076142132 0.7809823683758796 0.09572588832487305 0.11209952835201142
3 0.5496751269035532 0.783221429330456 0.0870152284263959 0.0837032132551886
3 0.5910050761421319 0.8616931917571953 0.09427411167512681 0.12106623507197334
3 0.6961522842639594 0.8624465206764919 0.0754213197969543 0.09865469972289655
3 0.7730253807106597 0.8811228001340559 0.04930964467005072 0.10911760137979501
3 0.8694720812182739 0.9057838593393658 0.0971675126903552 0.10762140644285845