3 0.35868229166666665 0.9592592592592593 0.04652604166666663 0.08148148148148159
3 0.38211979166666665 0.9405833333333332 0.053817708333333325 0.07191666666666663
3 0.4366302083333333 0.9263888888888889 0.05451562499999998 0.10277777777777777
3 0.4832447916666666 0.9077129629629629 0.06128645833333337 0.07839814814814822
3 0.53125 0.8839537037037036 0.054166666666666606 0.093824074074074
3 0.559375 0.8759259259259259 0.060416666666666605 0.08518518518518509
3 0.598265625 0.8635833333333333 0.06319270833333324 0.0753055555555556
3 0.620484375 0.8300925925925925 0.061807291666666764 0.06574074074074064
1 0.3686614583333333 0.5354907407407408 0.09045312500000002 0.07469444444444456
1 0.4484375 0.5553981481481481 0.128125 0.07932407407407409
1 0.5395833333333333 0.48812037037037026 0.1041666666666666 0.07808333333333337
1 0.6149322916666666 0.4845648148148148 0.08402604166666663 0.08024999999999996
2 0.3972239583333333 0.22715740740740742 0.07360937499999998 0.09136111111111107
2 0.4756927083333333 0.21821296296296294 0.07639062499999998 0.10678703703703703
2 0.548609375 0.1949074074074074 0.06805729166666677 0.08425925925925927
2 0.6340260416666667 0.21296296296296294 0.06389062499999998 0.12222222222222222