2 0.15903124999999999 0.399859375 0.08195833333333334 0.043648437500000005
2 0.2808333333333334 0.41266406250000004 0.07209375000000004 0.04060937500000002
2 0.39164583333333336 0.41049218749999994 0.06801041666666663 0.04147656249999994
2 0.49464583333333334 0.40464062500000003 0.05872916666666666 0.03236718750000005
2 0.6170208333333334 0.411578125 0.0778020833333334 0.04103906249999998
2 0.7208854166666666 0.40702343750000003 0.07371874999999999 0.039742187499999915
2 0.8360416666666667 0.3957421875 0.06790625000000006 0.03800781249999998
1 0.17678125 0.5238515625 0.08589583333333331 0.019296875000000036
1 0.2805520833333333 0.5280781250000001 0.08493749999999996 0.010843750000000086
1 0.4005208333333333 0.5197109375 0.07410416666666665 0.02053124999999998
1 0.5056875000000001 0.5272812499999999 0.07032291666666665 0.012429687500000064
1 0.6108645833333333 0.519359375 0.06372916666666674 0.01771875000000005
1 0.7179166666666668 0.5256093749999999 0.08060416666666678 0.01648437499999993
1 0.8444583333333333 0.5171640625 0.08855208333333332 0.018593749999999964
0 0.7804895833333333 0.5380234374999999 0.040906249999999984 0.036015624999999926
0 0.895875 0.5384609375 0.03642708333333336 0.04851562499999993
3 0.8676979166666666 0.6542265625 0.05614583333333343 0.02963281250000005
3 0.8107708333333333 0.6553671875 0.05358333333333339 0.02875781249999996
3 0.7592395833333333 0.6587109375 0.061812499999999916 0.031218750000000028
3 0.6933854166666666 0.6544921875 0.047031250000000094 0.026992187499999966
3 0.6344583333333333 0.6541406249999999 0.036249999999999956 0.024179687500000036
3 0.59878125 0.655546875 0.028749999999999904 0.020656250000000043
3 0.56884375 0.65571875 0.041666666666666664 0.02734375
3 0.51203125 0.655015625 0.04356250000000005 0.03227343749999996
3 0.4501666666666667 0.6601250000000001 0.05366666666666665 0.029812500000000065
3 0.38901041666666664 0.661 0.05110416666666673 0.029460937500000027
3 0.32045833333333335 0.6629375 0.054874999999999945 0.0291015625
3 0.25942708333333336 0.67015625 0.03422916666666668 0.020296875000000013
3 0.21446874999999999 0.67121875 0.044333333333333336 0.024523437500000078
3 0.14931250000000001 0.6782578125 0.04787499999999998 0.040718749999999915