3 0.20644791666666668 0.8793515624999999 0.06703125000000003 0.052078124999999885
3 0.3176979166666667 0.88425 0.06036458333333338 0.06499218750000005
3 0.3953333333333333 0.8688437499999999 0.04897916666666665 0.0560546875
3 0.47940625000000003 0.8657890625 0.05880208333333338 0.059328125000000044
3 0.57703125 0.85528125 0.04153124999999989 0.06330468750000015
3 0.7091979166666668 0.851234375 0.07254166666666677 0.04584374999999987
3 0.752375 0.8664296874999999 0.05056249999999996 0.06372656250000013
3 0.8293541666666666 0.8686328124999999 0.06701041666666659 0.06499999999999986
0 0.18504166666666666 0.7104375 0.049239583333333316 0.05487500000000001
0 0.3277291666666667 0.6987265625 0.05543750000000003 0.0470703125
1 0.23929166666666665 0.653484375 0.1452291666666667 0.13471093750000004
1 0.4475 0.6594453125 0.14913541666666663 0.16538281250000003
3 0.25046874999999996 0.471875 0.09258333333333332 0.07774218749999999
3 0.43490625 0.46860937500000005 0.09479166666666666 0.058710937500000074
3 0.6232291666666666 0.460375 0.10060416666666659 0.06099218749999995
3 0.7831458333333334 0.4596640625 0.09127083333333345 0.0595703125