3 0.46046875000000004 0.632453125 0.052729166666666674 0.03217187500000005
3 0.4271145833333333 0.652390625 0.03525000000000003 0.023867187499999963
3 0.49195833333333333 0.6746015625 0.03327083333333339 0.03135156250000008
1 0.4852708333333334 0.8772578125000001 0.07234375000000005 0.021570312500000098
1 0.5601979166666666 0.603703125 0.038072916666666616 0.019632812500000086
1 0.39303125 0.55915625 0.06344791666666663 0.012429687500000064
2 0.48571875000000003 0.785328125 0.05076041666666668 0.035218749999999945
2 0.5817916666666666 0.5566484375 0.03842708333333344 0.02748437500000005
2 0.42273958333333334 0.5062734375 0.02972916666666663 0.030312499999999964
0 0.4380833333333333 0.49289062499999997 0.030437500000000027 0.021218750000000064
0 0.52425 0.5559140625000001 0.037906250000000107 0.020398437499999922
0 0.531125 0.6139765625 0.022739583333333258 0.01930468750000003
0 0.45503125 0.544875 0.015083333333333353 0.018390624999999973