2 0.288234375 0.23325520833333335 0.11030859375000004 0.11886458333333334
2 0.41078515624999995 0.09192708333333334 0.14447265624999997 0.18384895833333334
2 0.64411328125 0.10023958333333335 0.18664843750000007 0.15144791666666665
0 0.276109375 0.6893229166666667 0.04699609374999998 0.09003125000000006
0 0.362328125 0.7124375000000001 0.04495703124999997 0.09111979166666657
0 0.3970078125 0.6875885416666667 0.046601562499999985 0.09349999999999999
0 0.5167773437500001 0.7202447916666667 0.067390625 0.11020833333333328
0 0.5666640625 0.7601666666666667 0.055183593749999996 0.09977083333333331
0 0.70779296875 0.8685520833333332 0.11608984375000002 0.16376562499999991
3 0.30485937500000004 0.9566874999999999 0.14095703124999998 0.07267187500000011
3 0.39534765625 0.9714583333333333 0.06411718750000003 0.05707812500000008