2 0.1752395833333333 0.40116406250000003 0.07269791666666668 0.051460937499999915
2 0.3355208333333334 0.3844609375 0.08769791666666672 0.05189843750000005
2 0.46918750000000004 0.41310156249999996 0.0703125 0.03626562500000006
2 0.6207812500000001 0.40289843750000004 0.06795833333333334 0.03410156250000007
2 0.7689166666666666 0.41526562499999997 0.0586666666666666 0.045812500000000075
0 0.8221458333333334 0.6048984374999999 0.036666666666666715 0.06309374999999999
0 0.6936979166666667 0.59665625 0.047114583333333356 0.028382812499999945
0 0.65521875 0.6042500000000001 0.04307291666666657 0.06179687499999993
0 0.5580104166666667 0.6072890625 0.05003124999999997 0.06266406250000003
0 0.5224166666666666 0.5903671875 0.044833333333333295 0.03923437500000002
0 0.4173958333333333 0.5918828125 0.03270833333333331 0.04487500000000004
0 0.39771875 0.5801640625 0.041979166666666616 0.042281249999999916
0 0.25161458333333336 0.60078125 0.044906250000000016 0.04443750000000009
0 0.27794791666666663 0.5806015625 0.03853125000000001 0.03273437500000007
0 0.12663541666666667 0.6075078125 0.0588229166666667 0.03446093749999992
3 0.13328125 0.7450625 0.08948958333333333 0.054367187499999935
3 0.21111458333333333 0.7448515625 0.04028125000000002 0.04612499999999997
3 0.27967708333333335 0.7346484375 0.0558958333333333 0.059578124999999996
3 0.35751041666666666 0.7372578125 0.062239583333333334 0.03874999999999993
3 0.42231250000000004 0.7216328125 0.03907291666666666 0.043960937499999984
3 0.49521875000000004 0.724234375 0.0390625 0.04916406250000005
3 0.5611875000000001 0.7366015625 0.05292708333333328 0.04525781250000005
3 0.6381458333333333 0.739421875 0.054072916666666755 0.043085937500000074
3 0.70121875 0.739421875 0.034375 0.03787500000000001
3 0.7793333333333333 0.751140625 0.04477083333333335 0.035273437500000074
1 0.7527083333333333 0.5771328125 0.11653125000000013 0.03100000000000005
1 0.33696875 0.53959375 0.09406249999999995 0.0158203125
1 0.18102083333333333 0.5727890625 0.12592708333333333 0.03794531249999995