0 0.4402329479441961 0.5827619980411363 0.03668802448397433 0.04897159647404514
0 0.26680820096411123 0.6002546523016651 0.08004129299605857 0.055964740450538744
0 0.549456570310263 0.5659745347698336 0.031680336764080934 0.04617042115572971
0 0.5869850458800935 0.5400881488736533 0.06003388797998085 0.05037218413320286
0 0.6711935755101892 0.5484818805093046 0.03835725372393873 0.05317335945151811
0 0.8429490932503098 0.5456807051909893 0.05169941471190654 0.055964740450538744
1 0.758740563620214 0.490411361410382 0.15007888348407833 0.04057786483839365
1 0.613657694924281 0.49741429970617046 0.11339085900010411 0.03497551420176297
1 0.47192495764002507 0.5065034280117532 0.12339456150814282 0.04197845249755137
1 0.33934379884620364 0.5547796278158668 0.17509397622004935 0.03777668952007822
2 0.3185076156760178 0.31132223310479923 0.1334099369479296 0.06296767874632714
2 0.47692097242817044 0.28403525954946135 0.11006407345192304 0.0895494613124388
2 0.613657694924281 0.26375122428991193 0.1200677759599619 0.11333006856023511
2 0.7770787393963271 0.28893241919686585 0.14674042500414933 0.07975514201762986
3 0.8221129100801238 0.7415670910871694 0.09004499550409749 0.06156709108716942
3 0.7203833098962752 0.731077375122429 0.06003388797998106 0.043379040156709084
3 0.6395132387461083 0.7233790401567093 0.058364658740016555 0.05037218413320286
3 0.5803081289202356 0.731077375122429 0.046691726992013245 0.06575905974534776
3 0.5269511579001126 0.7513614103819786 0.07670283451612968 0.06156709108716942
3 0.4394041697900879 0.7576591576885408 0.09171422474406188 0.060166503428011886
3 0.3952104501921474 0.7933398628795298 0.11339085900010401 0.10074436826640536
3 0.26431019357003854 0.770254652301665 0.14174441021600392 0.06575905974534776