2 0.4630703125 0.05366319444444445 0.06107812500000005 0.0757638888888889
2 0.3480078125 0.07890625000000001 0.08096874999999999 0.08206597222222224
2 0.56746875 0.08364583333333334 0.06534375000000008 0.07890625000000001
2 0.6878515625 0.0899652777777778 0.06746874999999992 0.08838541666666666
2 0.799359375 0.06708333333333333 0.09019531250000004 0.1152083333333333
0 0.3220859375 0.44902777777777775 0.029117187499999985 0.08048611111111113
0 0.3895625 0.4324479166666667 0.029117187499999985 0.10416666666666667
0 0.4176171875 0.4292881944444445 0.03125 0.08206597222222219
0 0.4886328125 0.43480902777777775 0.01846875000000008 0.08680555555555555
0 0.5095859375 0.4616493055555556 0.0234375 0.08048611111111113
0 0.5880703125 0.48059027777777774 0.02840624999999992 0.07418402777777781
0 0.7301171875 0.5555555555555556 0.038351562499999936 0.09470486111111104
0 0.8352265624999999 0.5839583333333334 0.05113281249999986 0.10732638888888897
3 0.79403125 0.9011979166666667 0.049718750000000075 0.11678819444444441
3 0.7283359375 0.8814756944444445 0.051843749999999925 0.08364583333333345
3 0.665125 0.7575694444444445 0.047585937500000064 0.06628472222222213
3 0.6033359375 0.7370659722222223 0.043320312500000034 0.0883854166666666
3 0.5617890625 0.7354861111111111 0.03125 0.07890625000000008
3 0.5134921875 0.7323263888888889 0.046875 0.07260416666666675
3 0.4747890625 0.7157465277777777 0.030539062499999936 0.058402777777777755
3 0.42258593749999995 0.7102256944444444 0.044031249999999925 0.08206597222222219
3 0.37890625 0.7086458333333333 0.03338281250000001 0.06944444444444445
3 0.3259921875 0.70234375 0.051132812500000034 0.056822916666666695