2 0.3935138888888889 0.2447890625 0.17129166666666673 0.05728906250000003
2 0.14120833333333332 0.2779921875 0.16204166666666664 0.05338281250000003
2 0.682875 0.26171875 0.14815277777777772 0.05728906250000003
2 0.8888888888888888 0.2747421875 0.16666666666666666 0.0625
0 0.6122638888888888 0.49153906249999996 0.09954166666666661 0.055992187500000054
0 0.7766249999999999 0.49349218749999996 0.0578750000000001 0.0546875
0 0.9641249999999999 0.48046875 0.0578750000000001 0.0703125
0 0.4942083333333333 0.49283593750000004 0.0763888888888889 0.055992187500000054
0 0.31481944444444443 0.486328125 0.06481944444444447 0.048179687500000054
0 0.043986111111111115 0.498046875 0.07870833333333334 0.055992187500000054
3 0.098375 0.646484375 0.12731944444444443 0.045570312499999946
3 0.25231944444444443 0.626953125 0.12037500000000002 0.053382812499999946
3 0.473375 0.6471328125 0.06712500000000006 0.0390625
3 0.3900416666666666 0.6328125 0.04861111111111111 0.041664062499999946
3 0.5960694444444444 0.6412734375 0.06712500000000006 0.048179687500000054
3 0.7060138888888888 0.6341171875 0.09259722222222216 0.046875
3 0.8032361111111112 0.6321640625 0.05555555555555555 0.053382812499999946
3 0.8958333333333334 0.6282578125 0.06481944444444454 0.04296875
1 0.29629166666666673 0.67578125 0.20833333333333334 0.09375