2 0.38260056127221703 0.1794701093645979 0.0991580916744621 0.10138006177847517
2 0.2029934518241347 0.15686509558966763 0.1028999064546305 0.10549006428300793
2 0.558465855940131 0.17262010519037657 0.0860617399438727 0.0959000584390981
2 0.7128157156220767 0.21440513065312647 0.08793264733395692 0.09727005927394239
2 0.8755846585594013 0.1863201135388192 0.10102899906454646 0.12056007346629476
1 0.8610851262862488 0.492515300126511 0.14312441534144069 0.07809004758612278
1 0.6983161833489242 0.513750313066597 0.12441534144059876 0.0657600400725244
1 0.5486435921421889 0.4699102863515807 0.13189897100093545 0.06302003840283583
1 0.39101964452759586 0.4719652876038471 0.13283442469597756 0.06987004257705724
1 0.20392890551917678 0.4610052809250931 0.1440598690364827 0.06987004257705724
0 0.12722170252572498 0.5829353552262321 0.04490177736202057 0.10275006261331944
0 0.284377923292797 0.5637553435384125 0.041159962581852214 0.06987004257705717
0 0.6206735266604303 0.5617003422861461 0.027128157156220745 0.06576004007252446
3 0.7212347988774556 0.8233705017413995 0.05799812909260993 0.09316005676940949
3 0.6440598690364827 0.800080487549047 0.06080449017773617 0.07672004675127839
3 0.579045837231057 0.7870654796180265 0.04490177736202057 0.09727005927394246
3 0.529466791393826 0.7898054812877151 0.05425631431244149 0.09179005593456534
3 0.42376052385406926 0.7836404775309159 0.07296538821328347 0.08220005009065551
3 0.34097287184284375 0.7925454829574037 0.05706267539756782 0.08905005426487678
3 0.2656688493919551 0.8233705017413995 0.05799812909260993 0.09316005676940949
3 0.19597754911131898 0.8398105117595305 0.0739008419083255 0.08494005176034405