2 0.2977143950431954 0.17053291536050158 0.1379192606001737 0.08376908528085547
2 0.5141262062097418 0.14959064404028768 0.1020403157362846 0.08376908528085547
2 0.6526106131739934 0.16604079816231565 0.13231489248973463 0.13462739118199488
0 0.7602552970207171 0.5691795210764328 0.058312115815758354 0.08227171288146018
0 0.5606644394405443 0.5721742658752231 0.04709553033982369 0.09124547614217188
0 0.4569365338670826 0.5452425049574282 0.0616715969799991 0.08826120247904129
0 0.40031200788850135 0.5347713692973214 0.03587894486388906 0.09424022094096243
0 0.26687467192566755 0.5617031302151163 0.0829744752037127 0.07629269441953904
3 0.3038760602626556 0.7973036825675224 0.051577454977163636 0.12565362792128323
3 0.3778866861916886 0.8085182688594968 0.05606722886956003 0.09723496573975299
3 0.4575016802311605 0.7965497607999947 0.08746424909610918 0.09124547614217188
3 0.528144975740896 0.8204867769189992 0.0627940404530983 0.09723496573975299
3 0.6133643378908069 0.868360809157008 0.06054915350690007 0.12116151072309729
3 0.6772808218170044 0.8578896734969012 0.07401062592903297 0.10620872900046469