2 0.7199027777777778 0.333984375 0.14815277777777788 0.06119531250000003
2 0.5138888888888888 0.3274765625 0.1388888888888889 0.05338281250000003
2 0.3194444444444444 0.33203125 0.14351388888888894 0.05208593749999997
0 0.19559722222222223 0.525390625 0.06712499999999998 0.05859375
0 0.410875 0.5442734375 0.034722222222222224 0.0546875
0 0.3738472222222222 0.5455703125 0.053236111111111165 0.0546875
0 0.6226805555555556 0.5358046875 0.0509305555555555 0.061195312499999946
0 0.7847222222222222 0.5364609375 0.06944444444444445 0.046875
3 0.7395833333333334 0.6861953125 0.15509722222222233 0.0703125
3 0.6122638888888888 0.6842421875 0.06712500000000006 0.045570312499999946
3 0.5289305555555556 0.697265625 0.09027777777777778 0.06640625
3 0.4305555555555556 0.7096328125 0.08795833333333339 0.0625
3 0.3414305555555556 0.6966171875 0.0625 0.0546875
3 0.2685138888888889 0.6946640625 0.07870833333333335 0.06380468750000005
1 0.5196805555555556 0.484375 0.21990277777777784 0.0390625