2 0.28998500000000005 0.12397120500782473 0.08330333333333337 0.08017777777777776
2 0.6111150000000001 0.19335211267605637 0.08556333333333335 0.06369702660406883
1 0.28621 0.4516181533646323 0.10897499999999996 0.08818278560250384
1 0.615235 0.4985314553990611 0.126375 0.08125696400625984
0 0.22780833333333333 0.5518647887323944 0.04018166666666669 0.07664225352112682
0 0.3495150000000001 0.551441627543036 0.034353333333333326 0.07730328638497663
0 0.5465066666666667 0.5827906103286385 0.03696333333333328 0.07383536776212833
0 0.68067 0.579495461658842 0.03803666666666672 0.07475931142410015
3 0.2350316666666667 0.8463374021909233 0.05667 0.07159687010954618
3 0.32788000000000006 0.8636494522691706 0.03516833333333329 0.0626103286384977
3 0.5754733333333334 0.862958372456964 0.04088666666666665 0.059725821596243976
3 0.6398183333333334 0.864370579029734 0.058468333333333435 0.06254773082942108