3 0.28326403326403327 0.830078125 0.11608108108108103 0.07161718750000005
3 0.382016632016632 0.8190078125 0.13339916839916843 0.06771093750000005
3 0.5232120582120582 0.7721328125 0.10048856548856544 0.06771093750000005
3 0.602047817047817 0.7779921875 0.08835758835758836 0.07421875
3 0.7025259875259876 0.7643203125 0.10568607068607076 0.0625
3 0.8064760914760916 0.794921875 0.08489604989604997 0.07682031249999995
0 0.246018711018711 0.6145859375 0.07622661122661122 0.0859375
0 0.45997920997921 0.60546875 0.05023908523908528 0.0703125
0 0.6288981288981289 0.556640625 0.05543659043659036 0.07682031249999995
0 0.6618191268191268 0.5553359375 0.07969854469854477 0.07421875
0 0.8749168399168399 0.5716171875 0.09701663201663194 0.078125
2 0.34563409563409564 0.2864609375 0.16458419958419962 0.09114843749999997
2 0.5621933471933472 0.2571640625 0.12300415800415793 0.06900781250000003
2 0.7423804573804573 0.2923203125 0.14379417879417872 0.08463281250000003