2 0.35546875 0.13493055555555555 0.061789062500000026 0.07732638888888888
2 0.443890625 0.1428298611111111 0.06533593749999991 0.08680555555555555
2 0.5216640625 0.057604166666666665 0.06889062500000005 0.09626736111111112
0 0.5216640625 0.5405555555555556 0.029117187499999985 0.0994270833333333
0 0.489703125 0.501892361111111 0.02628125000000008 0.10732638888888897
0 0.4375 0.531875 0.026992187499999966 0.08206597222222219
0 0.3675390625 0.5208333333333334 0.030539062500000026 0.0883854166666666
0 0.33309375 0.5097916666666666 0.017046875000000038 0.056822916666666695
3 0.3668359375 0.826232638888889 0.06321093749999998 0.04892361111111102
3 0.3352265625 0.7915104166666667 0.053976562500000026 0.036302083333333277
3 0.44425 0.8783159722222221 0.06605468749999996 0.06154513888888897
3 0.43359375 0.8088715277777778 0.0546875 0.058402777777777755
3 0.5007109375 0.8585937499999999 0.04545312500000005 0.06944444444444445
3 0.5245 0.9122395833333334 0.07173437499999995 0.08838541666666681