2 0.27951041666666665 0.353515625 0.10416666666666667 0.04036718749999997
2 0.39236458333333335 0.353515625 0.07291666666666667 0.04557031250000003
2 0.5277812500000001 0.3450546875 0.07291666666666667 0.046875
2 0.6232604166666668 0.3463515625 0.09721874999999992 0.0546875
2 0.7413229166666666 0.3567734375 0.09375 0.0546875
3 0.23003125000000002 0.6861953125 0.07465625000000002 0.044273437500000054
3 0.32986458333333335 0.66796875 0.0798645833333333 0.044273437500000054
3 0.38194791666666666 0.6666640625 0.04861458333333329 0.046875
3 0.4296875 0.66015625 0.04340624999999996 0.0390625
3 0.5147604166666667 0.658203125 0.06770833333333333 0.040367187500000054
3 0.5651041666666666 0.6536484375 0.02951041666666659 0.026039062499999942
3 0.59375 0.6822890625 0.0763854166666666 0.0546875
3 0.6475729166666666 0.6634140625 0.05903125000000008 0.045570312499999946
3 0.6935729166666668 0.6412734375 0.057291666666666664 0.045570312499999946
3 0.7630208333333334 0.654296875 0.06770833333333333 0.053382812499999946