2 0.35242708333333334 0.19596093750000004 0.11458333333333333 0.05859375
2 0.5329895833333333 0.2083359375 0.1111145833333333 0.05728906250000003
0 0.6085104166666666 0.42447656250000004 0.06076041666666659 0.07291406249999995
0 0.4765625 0.43033593750000004 0.05382291666666662 0.06900781249999995
0 0.43142708333333335 0.44791406250000004 0.03298958333333329 0.0859375
0 0.27169791666666665 0.4375 0.05382291666666662 0.052085937500000054
1 0.35242708333333334 0.380859375 0.19096875000000005 0.03515625
3 0.32117708333333334 0.59375 0.08333333333333333 0.052085937500000054
3 0.40971874999999996 0.5924453125 0.0625 0.052085937500000054
3 0.4930520833333333 0.5891953125 0.08333333333333333 0.06380468750000005
3 0.59375 0.5943984375 0.05903125000000008 0.055992187500000054