2 0.3061721183800623 0.24857217030114226 0.09832554517133954 0.06360332294911733
2 0.44392523364485986 0.3193146417445483 0.10124610591900307 0.07009345794392523
2 0.5743769470404985 0.3004932502596054 0.06814641744548293 0.06879543094496367
2 0.6999610591900312 0.3303478712357217 0.10319314641744555 0.07398753894080995
0 0.38502725856697817 0.5639927310488059 0.03991433021806854 0.0687954309449637
0 0.48383956386292837 0.5769730010384216 0.021417445482865994 0.061007268951194266
0 0.5052570093457944 0.5776220145379024 0.025311526479750768 0.07528556593977148
0 0.6123442367601246 0.5970924195223261 0.03699376947040491 0.051921079958463186
0 0.6415498442367602 0.6081256490134995 0.027258566978193066 0.0661993769470404
0 0.7525311526479751 0.6133177570093458 0.027258566978193066 0.07139148494288676
1 0.30568535825545173 0.4887071651090343 0.10319314641744545 0.035046728971962676
1 0.44246495327102797 0.5315420560747663 0.10027258566978188 0.05321910695742466
1 0.5651285046728972 0.523104880581516 0.09248442367601246 0.06490134994807899
1 0.6946066978193146 0.5555555555555556 0.11000778816199386 0.04932502596053994
3 0.2638239875389408 0.7548026998961579 0.050623052959501535 0.061007268951194266
3 0.336351246105919 0.7548026998961579 0.049649532710280386 0.06360332294911733
3 0.39573598130841126 0.7561007268951194 0.06133177570093462 0.0558151609553479
3 0.4702102803738318 0.7677829698857737 0.04478193146417446 0.07398753894081006
3 0.518886292834891 0.7833592938733126 0.04867601246105924 0.061007268951194266
3 0.5860591900311526 0.7937435098650052 0.05646417445482861 0.07398753894081006
3 0.6527453271028038 0.8008826583592938 0.04380841121495323 0.06230529595015568
3 0.7111565420560748 0.8086708203530634 0.05354361370716507 0.07268951194184842