2 0.01684968847352025 0.17042056074766354 0.0336993769470405 0.06739356178608512
2 0.27609423676012457 0.1790706126687435 0.09658489096573204 0.12622533748701975
2 0.6057554517133956 0.20524402907580477 0.10169392523364493 0.07733125649013495
0 0.6382048286604362 0.49767912772585665 0.04977024922118378 0.07029595015576315
0 0.30124610591900314 0.4572326064382139 0.03590342679127732 0.054309449636552404
0 0.01441588785046729 0.4124558670820353 0.026884735202492217 0.09195742471443408
3 0.02398753894080997 0.5846313603322949 0.03629283489096573 0.041713395638629434
3 0.05903037383177571 0.5941484942886812 0.06353971962616825 0.05036344755970935
3 0.2404088785046729 0.6869366562824506 0.04857087227414327 0.10872793354101755
3 0.2864797507788162 0.6653115264797509 0.047262461059190033 0.06547248182762194
3 0.6373909657320872 0.7020820353063344 0.09292834890965729 0.061137071651090245
3 0.685576323987539 0.6596832814122533 0.05495327102803742 0.06461059190031146