2 0.17648206199930339 0.17333509941572106 0.12539184952978058 0.07718172497191435
2 0.7001044932079414 0.20276980587811083 0.14629049111807724 0.06018023851923802
0 0.17182863113897595 0.40554746101127837 0.07430163706025776 0.04970933227368385
0 0.6815325670498085 0.40685043735068016 0.0766283524904215 0.04186007721704658
0 0.8835527690700102 0.3963873803601826 0.07198885405781981 0.04709553033982369
3 0.11609892023685126 0.5422500870776733 0.08359456635318704 0.048406355934282184
3 0.2960640891675374 0.5631840503137249 0.15092998955067918 0.03532164775486767
3 0.6269592476489028 0.5612217365495655 0.11609892023685135 0.04186007721704658
3 0.694294670846395 0.5442124008418326 0.07895506792058511 0.04186007721704658
3 0.890518982932776 0.5200131475022198 0.09520027864855428 0.03270784582100756
3 0.9541666666666667 0.5172143974960877 0.09166666666666666 0.048513302034428794