2 0.12152777777777778 0.3118515625 0.16898611111111114 0.05599218749999997
2 0.3449027777777778 0.3190078125 0.1759305555555556 0.0546875
2 0.571763888888889 0.29296875 0.1527777777777778 0.07291406250000003
2 0.7708333333333334 0.3372421875 0.17593055555555565 0.0625
0 0.050930555555555555 0.5657578125 0.10184722222222224 0.061195312499999946
0 0.25 0.55859375 0.1111111111111111 0.057289062499999946
0 0.4444444444444444 0.5625 0.07870833333333328 0.06510156249999995
0 0.620375 0.5735703125 0.09722222222222222 0.07942968750000005
0 0.8645833333333334 0.5983046875 0.07176388888888899 0.06380468750000005
3 0.8171250000000001 0.814453125 0.10648611111111121 0.07421875
3 0.6886527777777778 0.8001328125 0.12268055555555561 0.055992187500000054
3 0.6238472222222222 0.7682265625 0.10416666666666667 0.0546875
3 0.4988472222222222 0.7630234375 0.10879166666666672 0.0625
3 0.4143472222222222 0.763671875 0.08795833333333339 0.07682031249999995
3 0.3252361111111111 0.7649765625 0.0856527777777778 0.06900781249999995
3 0.23031944444444447 0.744140625 0.11805555555555555 0.06380468750000005
3 0.09259722222222222 0.7428359375 0.10648611111111109 0.06380468750000005