3 0.15104166666666666 0.6705703125 0.059031250000000014 0.0390625
3 0.2664895833333334 0.6809921875 0.078125 0.041664062499999946
3 0.390625 0.6595078125 0.05555208333333338 0.029945312499999942
3 0.4375 0.6868515625 0.10416666666666667 0.03515625
3 0.5390625 0.705078125 0.0642395833333334 0.04296875
3 0.62846875 0.7154921875 0.09375 0.04296875
3 0.7569479166666666 0.7311171875 0.07291666666666667 0.055992187500000054
1 0.16059374999999998 0.49674218750000004 0.1475729166666667 0.05078125
1 0.32638541666666665 0.45833593749999996 0.15971875000000005 0.033851562499999946
1 0.4756979166666667 0.47265625 0.125 0.049476562499999946
1 0.6901041666666666 0.5013046875 0.16145833333333334 0.049476562499999946
0 0.08854166666666667 0.5423203125 0.06944791666666668 0.040367187500000054
0 0.22309374999999998 0.5299453125 0.02951041666666665 0.0390625
0 0.25434375 0.51953125 0.050343749999999986 0.044273437500000054
0 0.37846874999999996 0.5084609375 0.06596875000000005 0.040367187500000054
0 0.43923958333333335 0.5091171875 0.052083333333333336 0.028648437500000058
0 0.4713541666666667 0.51171875 0.06076041666666671 0.044273437500000054
0 0.59375 0.5546875 0.05555208333333326 0.0390625
0 0.7682291666666666 0.5553359375 0.05382291666666674 0.05078125
2 0.13455208333333332 0.3248671875 0.08159374999999998 0.04817968749999997
2 0.31163541666666666 0.2916640625 0.0954895833333333 0.05728906250000003
2 0.4774270833333333 0.291015625 0.125 0.04817968749999997
2 0.703125 0.291015625 0.1076354166666666 0.06640625