0 0.655026455026455 0.5366220238095237 0.037076719576719576 0.033767361111111074
0 0.7825892857142858 0.5359598214285713 0.0485515873015873 0.04436011904761887
0 0.5680720899470899 0.5535069444444444 0.043257275132275196 0.023834325396825486
0 0.4475727513227513 0.4952430555555555 0.040608465608465615 0.03178075396825388
2 0.35002314814814817 0.33667162698412695 0.09092592592592592 0.05495287698412703
2 0.4961243386243385 0.35123759920634917 0.10240410052910054 0.0628993055555556
2 0.7053439153439153 0.3499131944444444 0.09534060846560853 0.04965773809523801
1 0.33413359788359787 0.49689732142857135 0.13330026455026456 0.0430357142857142
1 0.4925925925925926 0.522718253968254 0.12005952380952382 0.0496577380952381
1 0.7234424603174603 0.5012003968253967 0.12447420634920618 0.025158730158730158
3 0.2930853174603174 0.6726810515873016 0.054732142857142826 0.047671130952380916
3 0.3893088624338624 0.6773164682539682 0.07415343915343904 0.04369791666666654
3 0.4921527777777778 0.6826140873015873 0.05384920634920635 0.03575396825396826
3 0.5671891534391534 0.6869171626984126 0.08209986772486767 0.02846974206349202
3 0.6850396825396825 0.6905580357142856 0.08474867724867725 0.033105158730158554
3 0.7490443121693122 0.6697023809523809 0.05914682539682516 0.036413690476190474