3 0.3015625 0.9145833333333333 0.0390625 0.0875
3 0.373046875 0.89375 0.05234375 0.06527777777777778
3 0.4328125 0.8763888888888889 0.025 0.07222222222222222
3 0.4859375 0.8618055555555556 0.053125 0.06805555555555555
3 0.54921875 0.8208333333333333 0.034375 0.08333333333333333
3 0.589453125 0.8243055555555555 0.03984375 0.08472222222222223
0 0.276953125 0.5576388888888889 0.04765625 0.12083333333333333
0 0.3953125 0.5486111111111112 0.03125 0.10555555555555556
0 0.419921875 0.5506944444444445 0.03046875 0.0763888888888889
0 0.51015625 0.5541666666666667 0.0359375 0.08888888888888889
0 0.535546875 0.55625 0.02578125 0.08472222222222223
0 0.622265625 0.5583333333333333 0.04140625 0.07222222222222222
1 0.334765625 0.4888888888888889 0.12578125 0.06944444444444445
1 0.469140625 0.47430555555555554 0.11015625 0.08194444444444444
1 0.56875 0.4583333333333333 0.103125 0.06944444444444445
2 0.330078125 0.14722222222222223 0.08515625 0.10833333333333334
2 0.472265625 0.1388888888888889 0.06484375 0.08333333333333333
2 0.573046875 0.15347222222222223 0.08046875 0.10416666666666667