3 0.23379166666666668 0.685546875 0.1111111111111111 0.06380468750000005
3 0.379625 0.6822890625 0.12037499999999994 0.057289062499999946
3 0.5023194444444444 0.6875 0.09259722222222216 0.046875
3 0.5810138888888888 0.6822890625 0.06481944444444439 0.0546875
3 0.6990694444444444 0.6764296875 0.10648611111111106 0.09505468750000005
3 0.8194444444444444 0.6901015625 0.1388888888888889 0.0859375
0 0.8344861111111112 0.529296875 0.11805555555555555 0.05078125
0 0.6631944444444444 0.5306015625 0.08565277777777772 0.06640625
0 0.3900416666666666 0.5188828125 0.05787499999999994 0.05078125
0 0.22569444444444445 0.5260390625 0.10879166666666665 0.057289062499999946
2 0.7361111111111112 0.3033828125 0.18981944444444454 0.046875
2 0.5173611111111112 0.3001328125 0.10416666666666667 0.05078125
2 0.2673611111111111 0.3098984375 0.23379166666666673 0.0546875