2 0.2916666666666667 0.3209609375 0.09721875000000005 0.04557031250000003
2 0.47309375000000004 0.3151015625 0.06770833333333333 0.05728906250000003
2 0.6345416666666667 0.2975234375 0.08506250000000008 0.05338281250000003
0 0.6805520833333334 0.45377343750000004 0.04861458333333341 0.029945312499999942
0 0.5772604166666666 0.45833593749999996 0.046875 0.044273437500000054
0 0.5408020833333332 0.47135156250000004 0.02951041666666659 0.0546875
0 0.42101041666666666 0.45767968750000004 0.05034375000000004 0.040367187500000054
0 0.39757291666666666 0.48372656249999996 0.04861458333333329 0.06380468750000005
0 0.26128125 0.484375 0.046875 0.044273437500000054
3 0.390625 0.5729140625 0.05555208333333338 0.041664062499999946
3 0.33680208333333334 0.578125 0.04861458333333329 0.057289062499999946
3 0.46267708333333335 0.5677109375 0.06076041666666671 0.041664062499999946
3 0.5286458333333334 0.5592421875 0.05382291666666674 0.029945312499999942
3 0.5963541666666666 0.5481796875 0.06770833333333333 0.044273437500000054
3 0.65190625 0.5631484375 0.057291666666666664 0.045570312499999946