2 0.6402715842249597 0.3163748928344709 0.08970913604230742 0.08826120247904129
2 0.27809125740160223 0.27224952716278034 0.07401062592903289 0.056847795498720564
2 0.3711598746081504 0.30440638477496873 0.05382234192336179 0.055350423099325315
2 0.454699496175941 0.27822854562470134 0.0683984085635373 0.06282681396064162
2 0.5415985989079724 0.3223643824320521 0.07849255056637275 0.07329794962074859
0 0.6890547044019603 0.5863835969659884 0.05718967234265915 0.08974810374277649
0 0.5982231248865537 0.5774098337052768 0.025792652116110083 0.06880583242256277
0 0.5752405060807197 0.5639439532463794 0.026915095589209292 0.07180057722135315
0 0.502352323624786 0.5654413256457744 0.017943397059472684 0.06282681396064162
0 0.49113573814885125 0.5198185875746886 0.056067228869560115 0.08526645768025067
0 0.23043058069770062 0.5265515278041374 0.06839840856353727 0.06582155875943217
3 0.25173345892141424 0.7299847514086949 0.05942671003380086 0.04487928743921822
3 0.31452749937451246 0.7217649099155109 0.034764350645846515 0.06731893115882757
3 0.3442447790189412 0.7142780479185346 0.058312115815758354 0.07030320482195816
3 0.4036793383077987 0.7180162433491927 0.03812383181008726 0.05385305069992992
3 0.4429256135909851 0.7068016570572181 0.04709553033982369 0.09124547614217188
3 0.4748799309265555 0.7299847514086949 0.037001388336988225 0.06582155875943217
3 0.5253427916856765 0.7299847514086949 0.05046286075912096 0.10171661180227898
3 0.5645890669688629 0.7516809444964364 0.034764350645846515 0.10021923940288358
3 0.6167238190550478 0.7509270227289088 0.058312115815758354 0.08676383007964589
3 0.6699888638693884 0.7726232158166504 0.04149116222938452 0.09424022094096243