2 0.31857291666666665 0.291015625 0.10242708333333338 0.06380468749999997
2 0.4982604166666666 0.2727890625 0.13541666666666666 0.05859375
2 0.6901041666666666 0.3138046875 0.10242708333333325 0.05728906250000003
1 0.31684375000000004 0.47916406250000004 0.14409375000000005 0.046875
1 0.4895833333333333 0.45377343750000004 0.14930208333333325 0.06380468750000005
3 0.27430208333333334 0.6744765625 0.07291666666666667 0.0390625
3 0.36544791666666665 0.6725234375 0.06076041666666671 0.048179687500000054
3 0.4505208333333333 0.6627578125 0.05382291666666662 0.044273437500000054
3 0.5303854166666667 0.69140625 0.05034375000000004 0.036460937500000054
3 0.6197916666666666 0.6861953125 0.06944791666666675 0.026039062499999942
3 0.7109375 0.7161484375 0.0642395833333334 0.044273437500000054