2 0.10977449774497745 0.358570110701107 0.13722017220172203 0.04771678966789672
2 0.28879048790487905 0.35014760147601476 0.1259942599425994 0.043505535055350555
2 0.49212792127921273 0.3445341328413284 0.11352193521935226 0.046314575645756494
2 0.7041984419844198 0.3662869003690037 0.11102091020910201 0.04210332103321033
2 0.8894464944649447 0.3547094095940959 0.08732267322673219 0.05262915129151287
0 0.026822468224682247 0.557149446494465 0.053644936449364494 0.039294280442804384
0 0.1908651086510865 0.5525922509225092 0.04241082410824109 0.032979704797048016
0 0.39918819188191884 0.5438191881918819 0.054891348913489124 0.0406964944649447
0 0.5669782697826977 0.5441697416974169 0.05114391143911424 0.0315774907749077
0 0.6218614186141862 0.5504843173431735 0.06861008610086101 0.05122232472324732
0 0.7553423534235342 0.5518865313653136 0.04865108651086511 0.035788745387453955
1 0.1166379663796638 0.5206642066420664 0.18836408364083648 0.039294280442804384
1 0.28941369413694135 0.5143496309963099 0.19709717097170973 0.0421033210332105
1 0.4865108651086511 0.5083809963099631 0.15468634686346863 0.03859317343173441
1 0.6910947109471095 0.5220664206642066 0.13722017220172186 0.0421033210332105
1 0.8532677326773268 0.49750461254612544 0.17963919639196382 0.0463145756457564
3 0.05489134891348914 0.7101245387453874 0.04989749897498973 0.03648985239852411
3 0.15468634686346863 0.697490774907749 0.08981549815498155 0.030876383763837723
3 0.22018040180401804 0.6904750922509225 0.07858958589585896 0.03648985239852411
3 0.3411808118081181 0.6876660516605166 0.09356293562935629 0.03789206642066425
3 0.429749897498975 0.683108856088561 0.07858958589585888 0.0315774907749077
3 0.5152029520295203 0.67994926199262 0.08732267322673234 0.0421033210332105
3 0.6212382123821238 0.680299815498155 0.06985649856498573 0.03438191881918815
3 0.7154243542435426 0.6785470479704797 0.07858958589585888 0.04350553505535064
3 0.7796719967199672 0.6781964944649446 0.07485034850348503 0.04140221402214035
3 0.8707339073390734 0.683809963099631 0.07734317343173447 0.04560885608856093