2 0.15625 0.2578125 0.1736111111111111 0.05989843749999997
2 0.35301388888888885 0.2408828125 0.1504583333333333 0.05728906250000003
2 0.6388888888888888 0.271484375 0.14815277777777788 0.05859375
2 0.8101805555555556 0.2825546875 0.15740277777777767 0.06510156250000003
0 0.8958333333333334 0.4921875 0.07870833333333344 0.06510156249999995
0 0.7129583333333334 0.498046875 0.06018055555555545 0.040367187500000054
0 0.5196805555555556 0.47786718749999996 0.053236111111111165 0.052085937500000054
0 0.4571805555555556 0.4765625 0.05787499999999994 0.0546875
0 0.2916666666666667 0.48372656249999996 0.06944444444444445 0.05078125
0 0.14004166666666668 0.509765625 0.0949027777777778 0.07161718750000005
3 0.13541666666666666 0.6516953125 0.12731944444444446 0.06640625
3 0.2569444444444444 0.6393203125 0.1018472222222222 0.0625
3 0.3425972222222222 0.6393203125 0.09259722222222225 0.06771093750000005
3 0.4189861111111111 0.6171875 0.09722222222222222 0.0625
3 0.5115694444444444 0.62109375 0.07406944444444451 0.052085937500000054
3 0.6273194444444444 0.6119765625 0.08795833333333339 0.059898437500000054
3 0.7511527777777778 0.6276015625 0.0763888888888889 0.049476562499999946
3 0.8541666666666666 0.6510390625 0.08795833333333324 0.059898437500000054