2 0.6911427152994772 0.40930212014134276 0.10124112957392752 0.05889575971731449
2 0.586011739625617 0.3614575971731449 0.11681219519317829 0.05152826855123678
2 0.4769792366323044 0.36513250883392223 0.07787869053529183 0.053003533568904616
2 0.3679584148585113 0.3872173144876325 0.08176853663522471 0.04122791519434621
1 0.3747685658382735 0.5101590106007067 0.10708173933358635 0.03386042402826846
1 0.48185030517185995 0.5182597173144876 0.13044417837222202 0.026501766784452308
1 0.5869812808457203 0.5226766784452297 0.0837193002949509 0.017667844522968146
1 0.6814005782203663 0.5800971731448763 0.08955991005460985 0.035335689045936466
0 0.7222848465379786 0.618374558303887 0.05451625149665638 0.044169611307420455
0 0.6152147884239114 0.5653710247349824 0.035043658557953467 0.035335689045936466
0 0.5422071664281751 0.553595406360424 0.017521829278976615 0.04122791519434639
0 0.5168939637298134 0.5521201413427562 0.03699442221767953 0.035335689045936466
0 0.42928481733492974 0.5528533568904594 0.06035686125631509 0.03386042402826846
0 0.33875536606021667 0.549178445229682 0.05451625149665626 0.03239399293286223
3 0.3650381099786818 0.6551855123674912 0.06424670735624798 0.0471113074204947
3 0.43123558099465586 0.6676943462897527 0.048675641736997316 0.03091872791519439
3 0.4691995444324388 0.6787367491166079 0.07397716321583982 0.03239399293286223
3 0.5324650293490641 0.6890459363957597 0.0447741144175453 0.035335689045936466
3 0.5753000613264024 0.6875706713780919 0.04867564173699743 0.02356007067137824
3 0.612294483544082 0.708922261484099 0.06424670735624798 0.04269434628975262
3 0.7252051514178082 0.7553003533568905 0.08760914639488354 0.035335689045936466
3 0.6882224104196477 0.7229063604240283 0.06813655345618086 0.02356007067137824