2 0.329296875 0.14166666666666666 0.08203125 0.09444444444444444
2 0.470703125 0.12708333333333333 0.06640625 0.10138888888888889
2 0.574609375 0.1388888888888889 0.07421875 0.08611111111111111
0 0.271484375 0.5513888888888889 0.04453125 0.11944444444444445
0 0.39296875 0.5472222222222223 0.0375 0.09722222222222222
0 0.41796875 0.5375 0.028125 0.09444444444444444
0 0.510546875 0.5347222222222222 0.02109375 0.06944444444444445
0 0.53046875 0.5493055555555556 0.0265625 0.08194444444444444
0 0.614453125 0.5534722222222223 0.05234375 0.06805555555555555
1 0.3296875 0.47847222222222224 0.1265625 0.0875
1 0.4671875 0.4625 0.09375 0.08333333333333333
1 0.5703125 0.45 0.0921875 0.07222222222222222
3 0.305078125 0.9138888888888889 0.03828125 0.09166666666666666
3 0.365234375 0.8881944444444444 0.05859375 0.06805555555555555
3 0.4296875 0.8694444444444445 0.04375 0.075
3 0.486328125 0.8555555555555555 0.06953125 0.08888888888888889
3 0.54296875 0.8291666666666667 0.034375 0.08055555555555556
3 0.58828125 0.8256944444444444 0.04375 0.10138888888888889