2 0.267359375 0.35416796875 0.1805572916666667 0.09895703124999997
2 0.771703125 0.35286328125000005 0.21354166666666666 0.13801953124999997
0 0.2777760416666667 0.537109375 0.11110937499999997 0.05338671875000003
0 0.20139062500000002 0.56119921875 0.07639062499999998 0.0625
0 0.71875 0.54752734375 0.09375 0.06901171875000003
0 0.8524322916666667 0.55859375 0.08333333333333333 0.08073046875000003
1 0.3385416666666667 0.57291796875 0.28125 0.05989453124999997
1 0.6744791666666666 0.56184765625 0.36284895833333336 0.05598828124999997
3 0.334203125 0.92252734375 0.12673437499999995 0.08723828124999997
3 0.48003645833333336 0.91145703125 0.12673437499999995 0.08333203124999997
3 0.646703125 0.9296875 0.14409895833333336 0.09375
3 0.8237864583333334 0.96484375 0.10590104166666663 0.0703125