1 0.22569444444444445 0.412109375 0.1875 0.07942968750000005
1 0.4490694444444444 0.41146093749999996 0.26851388888888894 0.059898437500000054
2 0.2465277777777778 0.166015625 0.1597222222222222 0.06119531249999999
2 0.509263888888889 0.181640625 0.1527777777777778 0.06119531250000003
2 0.7569444444444444 0.19986718750000004 0.16666666666666666 0.07421875
3 0.18518055555555557 0.701171875 0.1342638888888889 0.061195312499999946
3 0.23495833333333332 0.6490859375 0.15509722222222225 0.037757812499999946
3 0.3229166666666667 0.6634140625 0.1365694444444445 0.053382812499999946
3 0.4571805555555556 0.6731796875 0.10416666666666667 0.052085937500000054
3 0.6319444444444444 0.6959609375 0.16204166666666678 0.05078125
3 0.7233750000000001 0.732421875 0.13194444444444445 0.06380468750000005