3 0.2981770833333333 0.738609375 0.0703125 0.035804687499999946
3 0.37283333333333335 0.7329140625 0.05294791666666671 0.0341796875
3 0.47352083333333334 0.7309609375 0.06684374999999995 0.0302734375
3 0.5325520833333334 0.7265625 0.049479166666666664 0.0390625
3 0.60590625 0.710609375 0.05555208333333326 0.042320312500000054
3 0.6341145833333334 0.719890625 0.044270833333333336 0.047203125000000054
0 0.25694791666666666 0.595375 0.04513541666666665 0.030601562500000058
0 0.40625 0.5961953125 0.041666666666666664 0.0341796875
0 0.45117708333333334 0.591796875 0.045572916666666664 0.04296875
0 0.5629375 0.5950546875 0.03732291666666659 0.049476562499999946
0 0.67578125 0.5927734375 0.06510416666666667 0.041015625
2 0.34028125000000004 0.4360390625 0.0763854166666667 0.0498046875
2 0.5099791666666667 0.4158515625 0.0876770833333333 0.056312499999999946
2 0.6273854166666666 0.4158515625 0.07508333333333325 0.048499999999999946