2 0.36972916666666666 0.4352421875 0.08641666666666671 0.049718750000000075
2 0.5264062500000001 0.4358671875 0.07915625000000001 0.04057031250000005
2 0.7069791666666667 0.44007031249999995 0.0979583333333333 0.04600781250000008
0 0.2843125 0.653921875 0.046177083333333376 0.029929687499999958
0 0.4155833333333333 0.653796875 0.04750000000000002 0.04007031249999997
0 0.45582291666666663 0.650828125 0.032979166666666636 0.04007031249999997
0 0.5844479166666667 0.6523125000000001 0.03166666666666676 0.04303906249999993
0 0.61396875 0.6489765625 0.04651041666666676 0.04378124999999997
0 0.7859791666666667 0.6544140625 0.04815625000000002 0.04873437500000009
3 0.28810416666666666 0.8102578125000001 0.08344791666666668 0.03982812500000001
3 0.3858958333333333 0.815578125 0.059364583333333346 0.043039062500000114
3 0.4681875 0.8227499999999999 0.05573958333333332 0.0366093750000001
3 0.5539375 0.8294296875 0.06102083333333326 0.04699999999999989
3 0.65734375 0.8358593750000001 0.052114583333333304 0.036117187500000016
3 0.7465625 0.841796875 0.06629166666666678 0.042054687499999945