0 0.25316137566137564 0.525518353174603 0.07421957671957677 0.06393353174603167
0 0.3633895502645503 0.5555555555555556 0.09185846560846565 0.07440476190476186
0 0.6775429894179894 0.667437996031746 0.10728835978835984 0.15928075396825409
1 0.6746031746031745 0.5716765873015872 0.21604828042328042 0.08184523809523814
1 0.3273809523809524 0.5054017857142857 0.1697519841269841 0.053462301587301655
2 0.28567791005291004 0.1865625 0.19437169312169308 0.10692212301587305
2 0.6773578042328041 0.17802083333333332 0.16644510582010572 0.1262127976190476
3 0.3055191798941798 0.7465277777777778 0.16350529100529093 0.06282986111111111
3 0.3913128306878306 0.7878645833333332 0.11243386243386246 0.07936507936507935
3 0.625 0.8457341269841269 0.14770833333333327 0.06944444444444428
3 0.6444742063492064 0.9559350198412698 0.20870039682539693 0.08812748015873026