2 0.2147927689594356 0.30953621031746026 0.10330687830687826 0.04532738095238091
2 0.42016313932980603 0.3049900793650794 0.08635361552028213 0.041195436507936466
2 0.598342151675485 0.31842261904761904 0.1032098765432099 0.025900297619047573
2 0.7592592592592592 0.31862847222222224 0.107579365079365 0.03871031746031743
3 0.14719576719576719 0.6409846230158729 0.038659611992945306 0.058425099206349175
3 0.26622574955908285 0.6430530753968253 0.07390211640211643 0.04767857142857128
3 0.36615520282186953 0.6374727182539682 0.06212081128747791 0.04892113095238102
3 0.45322751322751326 0.6279687499999999 0.0643033509700176 0.049751984126984186
3 0.5333201058201058 0.6376810515873016 0.048117283950617366 0.03693700396825399
3 0.6078968253968253 0.6397470238095238 0.05177689594356249 0.03610863095238095
3 0.6832142857142857 0.6434672619047619 0.048082010582010705 0.043546626984126924
3 0.7831393298059964 0.6434672619047619 0.08920634920634932 0.043546626984126924