3 0.2862623319155616 0.7856493085778232 0.05446598083800607 0.04441855747017365
3 0.35107363091821564 0.7510631474924901 0.06565116929371419 0.03997879595028844
3 0.4064972208731315 0.7106131504374971 0.03663247334932617 0.05996819392543242
3 0.4807040781785803 0.7061629177819516 0.07659303084266646 0.05870118651055943
3 0.5259000887946977 0.6985504021570539 0.035674864232416496 0.04347615526076387
3 0.5634823220058771 0.6879221994620454 0.04804529020167684 0.06218807468537515
3 0.6491098454187332 0.6820478923567254 0.06517236473525927 0.05616717168081369
3 0.6814566255071354 0.6739641756271229 0.03282558464685705 0.057120045025883186
0 0.2614037411511913 0.5733784464761356 0.060415716170937175 0.09583183356129864
0 0.3781928071388974 0.5292635519401051 0.034254149067165125 0.07234507627567886
0 0.5030666058349399 0.5075359454453832 0.02426204738006584 0.072659210345482
0 0.5242360467226906 0.4994417575801205 0.04091031735519343 0.07361208369055174
0 0.595946840920129 0.4924575100948292 0.028783218292688952 0.059654059855629285
0 0.7292664380571131 0.5203840289003343 0.034254149067165215 0.06981106144593294
2 0.30469238278854593 0.24210312759733243 0.09561962509995536 0.08820884680074079
2 0.4381297187513796 0.2319565971426889 0.09133393183903141 0.08313034600558901
2 0.5430271633282804 0.23512935124770123 0.06422260487340611 0.051402804955464974
2 0.6811034090295868 0.2576527640525913 0.0735004243503515 0.07742357707083067