2 0.65278125 0.3873671875 0.1076354166666666 0.05338281250000003
2 0.48611458333333335 0.3567734375 0.10069791666666662 0.05208593749999997
2 0.3359375 0.39127343749999993 0.109375 0.06640625
0 0.3802083333333333 0.603515625 0.04861458333333329 0.06900781249999995
0 0.42273958333333334 0.5618515625 0.057291666666666664 0.05859375
0 0.5390625 0.564453125 0.05034374999999992 0.048179687500000054
0 0.6953125 0.5690078125 0.057291666666666664 0.0703125
0 0.24392708333333332 0.6106796875 0.09201041666666665 0.0625
3 0.2708333333333333 0.7721328125 0.0763854166666667 0.044273437500000054
3 0.3489583333333333 0.7766953125 0.04513541666666671 0.06640625
3 0.4375 0.734375 0.08333333333333333 0.07291406249999995
3 0.5112812499999999 0.728515625 0.057291666666666664 0.06640625
3 0.6145833333333334 0.734375 0.0798645833333334 0.059898437500000054
3 0.6744791666666666 0.7298203125 0.057291666666666664 0.053382812499999946
1 0.30815624999999996 0.5631484375 0.13715624999999995 0.03515625