2 0.18590297339593118 0.3207541666666666 0.10886384976525817 0.04950416666666664
2 0.361433489827856 0.33823333333333333 0.08016901408450701 0.06501666666666664
2 0.5596244131455399 0.3319875 0.10097026604068848 0.04975000000000005
2 0.7440688575899844 0.30522499999999997 0.11512989045383418 0.0628916666666667
3 0.22089514866979654 0.6914125 0.0995618153364632 0.060262499999999976
3 0.3074741784037559 0.6806875000000001 0.051549295774647876 0.03880833333333324
3 0.35261345852895143 0.6965250000000001 0.07505477308294216 0.03993749999999992
3 0.44640375586854464 0.6898375 0.05814084507042247 0.043220833333333354
3 0.5668356807511736 0.692425 0.04861971830985913 0.04561666666666664
3 0.6451643192488263 0.6898375 0.05504225352112671 0.043220833333333354
3 0.6846134585289515 0.7272583333333333 0.06716744913928015 0.05417916666666667
3 0.8015399061032864 0.7131833333333334 0.07983724569640066 0.06214166666666667
0 0.14057589984350546 0.5468875 0.05160563380281689 0.04898750000000014
0 0.26736150234741785 0.5443625 0.06730516431924882 0.043941666666666636
0 0.47371517996870105 0.548025 0.03765258215962446 0.029041666666666542
0 0.5133521126760564 0.5443 0.041809076682316045 0.04659166666666668
0 0.6733333333333335 0.5361541666666667 0.040431924882629214 0.05530416666666671
0 0.8596682316118935 0.5447374999999999 0.058384976525821496 0.05580416666666661