0 0.30440277777777774 0.5104140625 0.0393472222222222 0.036460937500000054
0 0.410875 0.514 0.04398611111111105 0.024085937499999942
0 0.4499444444444444 0.508953125 0.0353055555555555 0.023765625000000058
0 0.5457222222222222 0.5083046875 0.028930555555555612 0.0302734375
0 0.568861111111111 0.509765625 0.0196805555555555 0.02734375
0 0.6802638888888889 0.523109375 0.05150000000000006 0.026695312500000058
3 0.33218055555555553 0.6073125 0.07229166666666668 0.03618749999999995
3 0.42543055555555553 0.6091484375 0.06795833333333326 0.03253125000000008
3 0.48543055555555553 0.60528125 0.06651388888888887 0.03700781249999992
3 0.5373055555555556 0.60771875 0.05530555555555562 0.027242187499999914
3 0.5826666666666667 0.605890625 0.05711111111111112 0.030906249999999958
3 0.6770138888888889 0.6284609375 0.050597222222222155 0.0248046875
2 0.3618194444444444 0.34665625 0.13156944444444446 0.04676562500000001
2 0.4995277777777778 0.3503203125 0.10770833333333327 0.03456250000000001
2 0.6305555555555555 0.3511328125 0.07698611111111105 0.04595312500000004