2 0.261234375 0.21223958333333334 0.3154296875 0.2682291666666667
2 0.5361328125 0.5722708333333333 0.03125 0.048177083333333336
2 0.55078125 0.5442708333333334 0.033203125 0.046875
2 0.5959296875 0.5910520833333333 0.03361718749999998 0.03253125000000002
2 0.645546875 0.56140625 0.040671874999999955 0.04699999999999989
2 0.66859375 0.57659375 0.020609375000000086 0.02964583333333337
2 0.6905546874999999 0.5841875000000001 0.03524999999999991 0.03181249999999996
2 0.72309375 0.57225 0.04934375000000006 0.045552083333333354
2 0.7512890624999999 0.575875 0.015726562500000086 0.020968750000000112
3 0.656390625 0.8766354166666667 0.04825781249999998 0.02964583333333337
3 0.69346875 0.9198125 0.056289062499999966 0.04810416666666673
3 0.7562421875 0.9255833333333333 0.050515625000000064 0.04040624999999996