2 0.20833333333333334 0.3287734375 0.11805208333333338 0.05859375
2 0.40278125000000004 0.291015625 0.08333333333333333 0.07942968749999997
2 0.5677083333333334 0.27734375 0.09721874999999992 0.05208593749999997
2 0.7482604166666668 0.271484375 0.1076354166666666 0.05859375
1 0.23611458333333332 0.48502343750000004 0.1319479166666667 0.061195312499999946
1 0.3984375 0.45247656249999996 0.1232604166666667 0.048179687500000054
1 0.5477395833333334 0.44857031249999996 0.13715625000000006 0.03515625
1 0.7421875 0.44921875 0.16492708333333325 0.028648437500000058
0 0.1484375 0.5221328125 0.043406250000000014 0.03125
0 0.3046875 0.5078125 0.036458333333333336 0.03125
0 0.34288541666666666 0.498046875 0.05034375000000004 0.03515625
0 0.46440624999999996 0.5013046875 0.03992708333333338 0.0234375
0 0.49826041666666665 0.486328125 0.05555208333333338 0.037757812499999946
0 0.609375 0.48828125 0.04513541666666659 0.03125
0 0.66840625 0.47982031249999996 0.052083333333333336 0.053382812499999946
0 0.8029479166666668 0.49544531249999996 0.036458333333333336 0.040367187500000054
3 0.20226041666666666 0.6490859375 0.057291666666666664 0.045570312499999946
3 0.28038541666666666 0.6373671875 0.03992708333333338 0.05078125
3 0.36544791666666665 0.6328125 0.078125 0.036460937500000054
3 0.44357291666666665 0.6276015625 0.057291666666666664 0.033851562499999946
3 0.50434375 0.6302109375 0.057291666666666664 0.0390625
3 0.5859375 0.6263046875 0.078125 0.0390625
3 0.6883645833333334 0.6360703125 0.04340625000000008 0.03515625
3 0.7517395833333332 0.6360703125 0.06944791666666675 0.04296875