3 0.24359375 0.8284687500000001 0.08570833333333336 0.07696874999999999
3 0.33719791666666665 0.821703125 0.11052083333333336 0.06682031250000016
3 0.4674479166666667 0.8187421875 0.07781250000000005 0.05751562499999992
3 0.5638697916666667 0.80478515625 0.10601041666666665 0.061742187500000156
3 0.673828125 0.7942148437500001 0.06428125000000004 0.055824218749999946
3 0.7584062500000001 0.78406640625 0.0981145833333334 0.06258984374999983
0 0.19284375 0.6385859375 0.06766666666666664 0.05920703125000006
0 0.37215624999999997 0.62505078125 0.051874999999999956 0.055824218749999946
0 0.43361979166666664 0.6301289062500001 0.05526041666666662 0.05075000000000003
0 0.6174427083333334 0.6301289062500001 0.05075000000000003 0.04736718750000009
0 0.647890625 0.60475390625 0.04623958333333344 0.03721484374999999
2 0.27009375 0.36708203125 0.13871354166666663 0.07781249999999992
2 0.52665625 0.3658125 0.09923958333333331 0.06343750000000004
2 0.7172447916666667 0.35735546875 0.10374999999999991 0.08035156250000001