3 0.15581250000000002 0.6728515625 0.09809375000000002 0.044921875
3 0.21614583333333334 0.6783828125 0.046875 0.044273437500000054
3 0.2721354166666667 0.689453125 0.0703125 0.03515625
3 0.35763541666666665 0.696453125 0.09028124999999995 0.047203125000000054
3 0.43923958333333335 0.6940078125 0.09721875000000005 0.036460937500000054
3 0.47830208333333335 0.7021484375 0.06076041666666671 0.056640625
3 0.5258229166666667 0.715171875 0.05945833333333338 0.06705468749999995
3 0.5900625 0.7333984375 0.06293750000000008 0.056640625
3 0.6879375 0.77896875 0.07898958333333325 0.054039062500000054
3 0.80903125 0.7975234375 0.09721874999999992 0.06380468750000005
1 0.6028645833333334 0.534828125 0.1484375 0.057945312500000054
1 0.7795104166666668 0.5419921875 0.18403125000000006 0.072265625
2 0.20138541666666668 0.3271484375 0.07986458333333335 0.056640625
2 0.3385416666666667 0.347328125 0.13541666666666666 0.07357031249999997
2 0.47721874999999997 0.351890625 0.06640625 0.04361718750000003
2 0.5876770833333332 0.3665390625 0.1232604166666666 0.04557031250000003
2 0.78103125 0.34146875 0.12195833333333325 0.07747656249999997