2 0.15777083333333333 0.3971328125 0.1671041666666667 0.11458593749999997
2 0.6414895833333334 0.39225 0.08507291666666675 0.05403906249999997
2 0.8018645833333333 0.3880234375 0.09070833333333325 0.04947656250000003
0 0.5833333333333334 0.5729140625 0.041666666666666664 0.036460937500000054
0 0.7439270833333332 0.5670546875 0.05034374999999992 0.040367187500000054
0 0.8418020833333333 0.5695 0.045572916666666664 0.035484375000000054
0 0.703125 0.5096015625 0.020833333333333332 0.040687499999999946
3 0.13151041666666666 0.9212265625 0.12239583333333333 0.045570312499999946
3 0.21528124999999998 0.9529609375 0.1805520833333333 0.07584374999999995
3 0.6152395833333333 0.6958046875 0.07161458333333333 0.0537109375
3 0.6779479166666668 0.6951484375 0.05382291666666674 0.036781249999999946
3 0.7669270833333334 0.693359375 0.059895833333333336 0.03515625
3 0.8424479166666666 0.708984375 0.044270833333333336 0.04296875