2 0.1697817047817048 0.4041328125 0.1134823284823285 0.040687499999999946
2 0.32354469854469853 0.40201562500000004 0.11434511434511435 0.050132812500000054
2 0.4383264033264033 0.40234375 0.09961538461538466 0.046875
2 0.5762785862785863 0.443359375 0.10784823284823285 0.03515625
2 0.7267879417879417 0.42935937500000004 0.10481288981288973 0.057945312500000054
2 0.8827130977130977 0.4353828125 0.09441787941787934 0.06412499999999995
0 0.08402286902286903 0.6064453125 0.045914760914760905 0.044921875
0 0.24016632016632017 0.6080703125 0.08012474012474011 0.044273437500000054
0 0.33285862785862785 0.6033515625 0.057609147609147565 0.048499999999999946
0 0.36858627858627857 0.609375 0.058908523908523865 0.046875
0 0.4913825363825364 0.6064453125 0.06280665280665276 0.060546875
0 0.5269022869022869 0.6248359375 0.04028066528066528 0.052406249999999946
0 0.6427546777546778 0.60384375 0.051112266112266186 0.047523437499999946
0 0.7506029106029106 0.6176796875 0.10568607068607076 0.0615234375
0 0.8558523908523908 0.5844765625 0.07190228690228698 0.0419921875
0 0.837016632016632 0.595703125 0.04721413721413729 0.02734375
3 0.08142411642411643 0.7654609375 0.08229729729729729 0.052406249999999946
3 0.1741164241164241 0.7654609375 0.07016632016632017 0.052406249999999946
3 0.24904365904365905 0.7395859375 0.10048856548856551 0.041664062499999946
3 0.3397920997920998 0.7493515625 0.13383575883575882 0.053382812499999946
3 0.4015072765072765 0.7641640625 0.10395010395010396 0.0498046875
3 0.46821205821205825 0.7799453125 0.06063409563409568 0.06771093750000005
3 0.5433575883575884 0.7750625 0.06280665280665289 0.030601562500000058
3 0.6187214137214138 0.77571875 0.06800415800415809 0.055335937499999946
3 0.660945945945946 0.7602578125 0.06670478170478178 0.0419921875
3 0.7462785862785862 0.77896875 0.045041580041579966 0.046226562500000054
3 0.8116735966735967 0.7942734375 0.06670478170478178 0.041664062499999946
3 0.9108627858627859 0.81640625 0.062370062370062374 0.046875