2 0.2569427083333333 0.47135546875 0.12152604166666668 0.05208203124999997
2 0.4166666666666667 0.453125 0.10764062500000003 0.05208203124999997
2 0.545140625 0.48567578125 0.08333333333333333 0.04948046875000003
2 0.6727447916666667 0.47786328125 0.11284895833333337 0.05729296875000003
2 0.814234375 0.48567578125 0.09027604166666663 0.05729296875000003
3 0.8289947916666667 0.83528515625 0.0538177083333333 0.05598828124999997
3 0.7760416666666666 0.83333203125 0.04860937499999996 0.05989453124999997
3 0.720484375 0.845703125 0.0694427083333333 0.06640625
3 0.6380208333333334 0.845703125 0.06076562500000004 0.06380078124999997
3 0.5868072916666667 0.865234375 0.07639062500000003 0.06119921875000003
3 0.4878489583333333 0.86783984375 0.06597395833333337 0.06640625
3 0.4253489583333333 0.88151171875 0.09722395833333337 0.07551953124999997
3 0.3645833333333333 0.89583203125 0.07639062500000003 0.0546875
3 0.3133697916666666 0.916015625 0.09895833333333333 0.05338671875000003
3 0.19791666666666666 0.931640625 0.07985937500000002 0.07161328124999997