2 0.24921875 0.09876388888888889 0.08489843749999997 0.1679027777777778
2 0.38559375000000007 0.12191666666666667 0.08576562499999998 0.09938888888888889
2 0.5044296875 0.12376388888888888 0.09947656249999995 0.10308333333333333
2 0.59878125 0.12376388888888888 0.07048437500000002 0.0808611111111111
0 0.18359375 0.5956805555555555 0.0578125 0.10247222222222219
0 0.3092890625 0.5746944444444444 0.04670312499999998 0.09752777777777781
0 0.3569453125 0.527625 0.05555468750000001 0.13487500000000002
0 0.4336796875 0.5395 0.050695312500000075 0.10863888888888892
0 0.4651015625 0.509875 0.036460937500000054 0.07161111111111104
0 0.5346328125 0.527 0.030726562499999943 0.06697222222222227
0 0.5550312500000001 0.5070972222222222 0.032984375000000024 0.06975000000000003
0 0.63671875 0.5120416666666667 0.04322656249999994 0.07222222222222222
3 0.2096328125 0.925 0.07239843749999997 0.08333333333333333
3 0.2875 0.8799444444444444 0.06666406250000004 0.08950000000000008
3 0.34878125 0.8648194444444444 0.04548437500000002 0.10740277777777768
3 0.41102343750000003 0.81775 0.06267187500000002 0.07808333333333337
3 0.4697890625 0.8195972222222222 0.04375 0.06697222222222227
3 0.5255234375 0.8152777777777778 0.036460937500000054 0.08055555555555556
3 0.5624140625 0.8067916666666667 0.04878125000000004 0.10247222222222219
3 0.619703125 0.8154305555555555 0.04253125000000004 0.10494444444444437