2 0.12934375 0.283203125 0.25867708333333334 0.11067968749999997
2 0.6232604166666668 0.224609375 0.21875 0.09765625
2 0.8463541666666666 0.296875 0.21007291666666675 0.09114843749999997
2 0.29340625000000004 0.3274765625 0.18055208333333336 0.09505468749999997
0 0.04601041666666667 0.732421875 0.08854166666666667 0.09244531249999995
0 0.33246875000000004 0.6848984375 0.0954895833333333 0.1328125
0 0.515625 0.6295546875 0.1076354166666666 0.11067968750000005
0 0.72221875 0.6380234375 0.0798645833333334 0.09896093750000005
0 0.7560729166666668 0.640625 0.08507291666666675 0.08333593750000005
0 0.9375 0.63671875 0.06596874999999992 0.08072656249999995
3 0.8914895833333334 0.8678359375 0.14409374999999994 0.09244531249999995
3 0.7821145833333334 0.8932265625 0.10590625000000008 0.09114843750000005
3 0.6927083333333334 0.90625 0.10416666666666667 0.08853906249999995
3 0.60503125 0.9088515625 0.09895833333333333 0.09375
3 0.5182291666666666 0.923828125 0.1579895833333334 0.08984375
3 0.36544791666666665 0.9231796875 0.109375 0.09635156249999995