2 0.33246875000000004 0.3626328125 0.14409375000000005 0.05338281250000003
2 0.5216979166666667 0.3619765625 0.14757291666666664 0.0625
2 0.6866354166666666 0.357421875 0.1232604166666666 0.06640625
3 0.26736458333333335 0.7552109375 0.12153124999999995 0.046875
3 0.37846874999999996 0.7578125 0.07291666666666667 0.046875
3 0.44096874999999996 0.7623671875 0.08680208333333338 0.055992187500000054
3 0.5460104166666666 0.7701796875 0.08854166666666667 0.06380468750000005
3 0.6536458333333334 0.7682265625000001 0.0920104166666666 0.06510156249999995
3 0.7439270833333332 0.7688828125 0.10242708333333325 0.07682031249999995
0 0.25086458333333334 0.5911484375 0.10242708333333332 0.06771093750000005
0 0.3880208333333333 0.583984375 0.046875 0.053382812499999946
0 0.42621875000000004 0.5911484375 0.07465624999999995 0.06510156249999995
0 0.5598958333333334 0.5859375 0.07117708333333325 0.0625
0 0.6024270833333334 0.58203125 0.052083333333333336 0.0703125
0 0.7864583333333334 0.5865859375 0.05903125000000008 0.08203125