2 0.17708333333333334 0.37109375 0.12152604166666668 0.05989453124999997
2 0.3715260416666667 0.408203125 0.09027604166666663 0.04557421875000003
2 0.576390625 0.38737109375 0.09722395833333337 0.05078125
2 0.7881927083333333 0.35872265625 0.1180572916666667 0.05598828124999997
3 0.13194270833333335 0.865234375 0.09722395833333335 0.06640625
3 0.23003645833333333 0.85612109375 0.09548437500000002 0.04817578124999997
3 0.326390625 0.85286328125 0.11458333333333333 0.08073046875000003
3 0.4427083333333333 0.86328125 0.07985937499999997 0.0703125
3 0.5182291666666666 0.86783984375 0.06076562500000004 0.05338671875000003
3 0.625 0.86848828125 0.09375 0.0703125
3 0.7222239583333334 0.84830859375 0.07291666666666667 0.05338671875000003
3 0.818578125 0.8515625 0.09201562500000003 0.06510546875000003