3 0.3256423611111111 0.609296875 0.0930381944444445 0.03996093750000007
3 0.42430555555555555 0.6021093750000001 0.10994791666666665 0.0306640625
3 0.5025520833333333 0.5936484375 0.10008680555555552 0.04926562499999996
3 0.6275347222222222 0.584875 0.11324652777777781 0.032984375000000024
3 0.6522048611111111 0.571234375 0.08645833333333325 0.029812500000000065
3 0.7649826388888888 0.5788515624999999 0.10901041666666661 0.029812500000000065
1 0.5673958333333333 0.3991171875 0.1846701388888889 0.045882812500000016
1 0.7428993055555556 0.39784375 0.19453124999999993 0.04335156250000001
2 0.37121527777777774 0.2541640625 0.17855902777777782 0.05159374999999997
2 0.6002951388888889 0.2316484375 0.12640624999999991 0.04081250000000001
2 0.7327951388888888 0.22878906250000003 0.14331597222222214 0.05159374999999997