2 0.3291114152697446 0.2901970536842036 0.09531350415274649 0.07479532202014387
2 0.4367560991164681 0.3066576789418917 0.09082373026034997 0.06880583242256265
2 0.5303820134320377 0.314134069803208 0.080737437512571 0.06282681396064162
2 0.6268179610578833 0.2767416443609662 0.09643594762584562 0.07779006681893443
2 0.7439994897984212 0.2954326215142571 0.11549393890336097 0.08526645768025085
3 0.330226009487787 0.771125843417255 0.06616137087239558 0.09124547614217188
3 0.38685838472142503 0.7621520801565435 0.05382234192336179 0.09124547614217188
3 0.42834169769575303 0.7636494525559387 0.03587894486388902 0.10021923940288358
3 0.46871041645203854 0.7658902755872016 0.03812383181008726 0.10471135660106928
3 0.5214181641573579 0.7591573353577529 0.04709553033982369 0.09723496573975299
3 0.5673912510240825 0.7741205882160456 0.03139702022654907 0.10920347379925524
3 0.6150440784729274 0.781596979077362 0.0616715969799991 0.10620872900046469
3 0.6643844957589493 0.7778587836467038 0.04597308686672448 0.09274284854156703
3 0.7266133898479697 0.8070208964601017 0.06503892739929637 0.10920347379925524
3 0.8000667186679813 0.8406855976073454 0.07512522014707548 0.08676383007964589
0 0.8051059404143425 0.5946139095948324 0.0740106259290328 0.07629269441953904
0 0.6935366290393001 0.605828495886807 0.04372819992052624 0.06880583242256277
0 0.6666293827051476 0.5669386980451697 0.05494478539646091 0.08676383007964607
0 0.5853267988284987 0.5721742658752231 0.04485064339362545 0.06731893115882757
0 0.4973052526233682 0.589378341764779 0.04821797381292289 0.07779006681893443
0 0.3044412066267336 0.5856401463341206 0.054944785396461 0.06132944156124623