2 0.3906756756756757 0.314453125 0.08489604989604985 0.06379687499999998
2 0.5292827442827444 0.296875 0.06756756756756757 0.04947656250000003
2 0.7077234927234928 0.26953125 0.08142411642411634 0.04947656250000003
0 0.3438981288981289 0.47525781250000004 0.07102910602910607 0.057289062499999946
0 0.446985446985447 0.47005468749999996 0.03811850311850307 0.06510156249999995
0 0.4885654885654886 0.462890625 0.058908523908523865 0.04296875
0 0.5847193347193347 0.462890625 0.06063409563409556 0.05859375
0 0.6323596673596674 0.45442968749999996 0.05197505197505198 0.052085937500000054
0 0.76489604989605 0.453125 0.06063409563409556 0.046875
3 0.3603638253638254 0.6080703125 0.045051975051975085 0.049476562499999946
3 0.4322661122661122 0.607421875 0.04677754677754678 0.040367187500000054
3 0.4946257796257796 0.606765625 0.04677754677754678 0.044273437500000054
3 0.5621933471933472 0.6009140625 0.04331600831600839 0.053382812499999946
3 0.6644178794178793 0.6015625 0.06063409563409556 0.049476562499999946
3 0.7233264033264034 0.6061171875 0.04677754677754678 0.053390624999999935