3 0.354640625 0.927875 0.07860156250000001 0.10385416666666672
3 0.4540703125 0.9087708333333333 0.07860156249999992 0.0864895833333333
3 0.5331406249999999 0.90340625 0.04924218749999998 0.0871250000000001
3 0.6547109375 0.9119270833333334 0.07504687499999996 0.09280208333333324
0 0.3316796875 0.6148958333333333 0.06392187500000004 0.0782812500000001
0 0.4137109375 0.5093125 0.041906250000000075 0.05460416666666663
0 0.4624765625 0.5061562500000001 0.09398437499999997 0.10890624999999995
0 0.5358671875 0.6021145833333333 0.058945312500000034 0.07355208333333323
0 0.6736484375 0.59328125 0.05610937499999995 0.10890624999999995
2 0.41275781250000004 0.16192708333333333 0.10818750000000002 0.10795833333333332
2 0.6115078125 0.19176041666666668 0.08949218749999996 0.09375