2 0.20833333333333334 0.3671875 0.07291666666666667 0.049484375000000025
2 0.33419791666666665 0.3880234375 0.0746458333333333 0.07551562499999998
2 0.4635416666666667 0.369140625 0.0763854166666667 0.04557031250000003
2 0.6067708333333334 0.3548203125 0.09895833333333333 0.05338281250000003
2 0.7491249999999999 0.3619765625 0.07464583333333343 0.0546875
3 0.171875 0.6764296875 0.07638541666666665 0.06380468750000005
3 0.24479166666666666 0.67578125 0.05903124999999996 0.059898437500000054
3 0.31423958333333335 0.6705703125 0.08680208333333338 0.057289062499999946
3 0.3880208333333333 0.6686171875 0.057291666666666664 0.07421875
3 0.44357291666666665 0.6705703125 0.07465624999999995 0.07291406249999995
3 0.49826041666666665 0.6686171875 0.06596875000000005 0.07682031249999995
3 0.5763854166666668 0.6725234375 0.05903125000000008 0.07161718750000005
3 0.66840625 0.6712265625 0.08333333333333333 0.055992187500000054
3 0.7326354166666668 0.66796875 0.05555208333333326 0.0546875
3 0.8029479166666668 0.6640625 0.08507291666666675 0.059898437500000054
1 0.21440625000000005 0.48502343750000004 0.109375 0.16275781249999993
1 0.34028125000000004 0.49674218750000004 0.1076354166666667 0.12890625