2 0.3094698544698544 0.3951796875 0.07320166320166316 0.04036718749999997
2 0.4153638253638253 0.398765625 0.06930353430353427 0.027992187500000033
2 0.6146049896049897 0.3815078125 0.062370062370062374 0.028648437499999967
2 0.7302494802494802 0.3865546875 0.07016632016632017 0.03678125000000003
2 0.7908835758835759 0.4047890625 0.07709979209979217 0.0498046875
3 0.25683991683991686 0.661296875 0.05371101871101873 0.047203125000000054
3 0.33653846153846156 0.6634140625 0.036382536382536385 0.037757812499999946
3 0.3681600831600832 0.6624375 0.03204781704781709 0.031898437499999946
3 0.5604677754677754 0.6829453125 0.06323284823284815 0.029945312499999942
3 0.6239189189189189 0.693359375 0.04721413721413729 0.04296875
3 0.6826091476091476 0.6861953125 0.047640332640332565 0.028648437500000058
3 0.7679313929313929 0.7114296875 0.036382536382536385 0.0302734375
3 0.7259147609147609 0.7216796875 0.06150727650727658 0.033203125
3 0.8103742203742205 0.7490234375 0.04851351351351359 0.041015625