2 0.4047604166666666 0.2261944444444444 0.09226041666666673 0.1296296296296296
2 0.5022343749999999 0.22750925925925927 0.07589062500000007 0.10052777777777777
2 0.5665937499999999 0.20568518518518514 0.0677083333333334 0.08333333333333333
2 0.6551354166666666 0.20568518518518514 0.07217187500000008 0.08862037037037038
1 0.3701614583333333 0.53175 0.10193229166666665 0.0820092592592592
1 0.4862343750000001 0.5615092592592592 0.11681770833333331 0.06746296296296286
1 0.5625 0.4887592592592592 0.10267708333333321 0.09656481481481478
1 0.6395104166666666 0.48478703703703707 0.07217187500000008 0.07539814814814826
3 0.6402552083333333 0.8313518518518518 0.04390104166666671 0.07804629629629636
3 0.6201614583333332 0.8644166666666666 0.05431770833333331 0.08068518518518539
3 0.5814739583333333 0.8816111111111111 0.0453854166666666 0.07804629629629636
3 0.5420364583333332 0.8862407407407407 0.04092187500000009 0.08730555555555541
3 0.49479166666666663 0.9034351851851852 0.05952604166666671 0.0820092592592592
3 0.44605729166666663 0.9298981481481481 0.052828125000000094 0.10582407407407414
3 0.3902552083333333 0.9384907407407408 0.05729166666666665 0.11772222222222221
3 0.34189062499999995 0.9623055555555554 0.052828125000000004 0.07538888888888885