2 0.1420854271356784 0.16351449304871196 0.12443467336683416 0.09618269630160528
2 0.36371859296482417 0.12022511259702078 0.16929648241206033 0.12317014570420987
2 0.5862688442211056 0.13078031975110563 0.10468592964824133 0.09214304911917777
2 0.8454522613065327 0.17188047205231996 0.12233668341708563 0.10177304675728724
0 0.4764949748743719 0.5293110609774969 0.06820351758793972 0.07198390656687005
0 0.6852763819095478 0.5562985103801015 0.05503768844221106 0.09245579599781735
1 0.5883542713567839 0.4930063608154224 0.14836683417085422 0.08501502651018464
1 0.8381155778894472 0.5649902673822923 0.19920854271356775 0.13217464958504024
3 0.06969849246231155 0.8938696725116669 0.10888190954773871 0.09742065269622023
3 0.20115577889447236 0.8777371460218435 0.10439698492462313 0.10238550939462294
3 0.32498743718592965 0.83833103931326 0.07208542713567842 0.07942467605450276
3 0.41816582914572864 0.8429831491330233 0.06998743718592966 0.09990959660539339
3 0.5026633165829146 0.8513621592565747 0.08285175879396985 0.08315157635829055
3 0.6217085427135679 0.8808385525683523 0.09123115577889465 0.09369375239243245
3 0.7238567839195981 0.9379278890400138 0.0855527638190953 0.07384735671876395
3 0.8345351758793969 0.9498774260280332 0.08434673366834175 0.09214304911917777