2 0.23277083333333334 0.3550703125 0.06789583333333334 0.04171093749999999
2 0.3296354166666667 0.35646093749999996 0.061406250000000044 0.036148437499999984
2 0.37957291666666665 0.33899218750000004 0.05422916666666661 0.02937500000000002
2 0.4088854166666666 0.3691484375 0.06975000000000003 0.03858593749999999
2 0.49972916666666667 0.356984375 0.05677083333333333 0.03510937499999996
2 0.5892916666666667 0.3554140625 0.05376041666666656 0.034062500000000016
2 0.6701666666666667 0.348640625 0.06812500000000009 0.03510937500000004
2 0.7652916666666666 0.36819531250000004 0.07067708333333324 0.037710937499999986
0 0.7174375000000001 0.5502421875 0.023635416666666725 0.03371875000000006
0 0.7549791666666666 0.5572812500000001 0.05422916666666661 0.02798437499999995
3 0.20461458333333335 0.6176796875 0.03521875 0.026765624999999994
3 0.2525833333333333 0.6171562500000001 0.050520833333333334 0.027804687499999935
3 0.2952291666666667 0.620109375 0.05237499999999997 0.02746093750000007
3 0.35060416666666666 0.6156796875 0.03800000000000002 0.02798437499999995
3 0.40390625 0.6295 0.06673958333333327 0.025375000000000016
3 0.4588229166666667 0.6351484375 0.03476041666666667 0.021031250000000057
3 0.47469791666666666 0.606640625 0.028968749999999942 0.022421875000000036
3 0.5150208333333334 0.60490625 0.03175000000000002 0.03146093749999999
3 0.5661145833333333 0.6175078125 0.057468750000000075 0.02432812500000008
3 0.6276458333333333 0.6265390625 0.04009375000000001 0.025718750000000058
3 0.6349479166666666 0.646875 0.06441666666666658 0.03093749999999993
3 0.6953125 0.6555703125 0.04194791666666665 0.035804687499999946
3 0.7318020833333333 0.6654765625 0.06905208333333329 0.03267187499999995
3 0.75984375 0.6913671875 0.08342708333333325 0.03232812500000008