3 0.2745657209033005 0.7498437499999999 0.08009554140127391 0.06596590909090913
3 0.34645338737695425 0.7637357954545454 0.03666763173132596 0.0407244318181819
3 0.3865083960625362 0.7744602272727275 0.07237984944991312 0.054602272727272895
3 0.47320497973364206 0.79734375 0.05854082223508991 0.05681818181818184
3 0.5306311522872033 0.7979829545454546 0.059510712217718593 0.05051136363636362
3 0.5651997683844817 0.8197585227272727 0.07269832078749272 0.05997159090909099
3 0.6689490445859873 0.8502272727272727 0.08911407064273294 0.04703124999999986
3 0.7141430225825128 0.892997159090909 0.12738853503184713 0.05492897727272741
1 0.29499131441806603 0.5119886363636363 0.11902142443543719 0.039147727272727195
1 0.41433121019108277 0.5183096590909091 0.12996525767226405 0.04419034090909087
1 0.5442964678633468 0.5252556818181817 0.09651129125651421 0.0429261363636364
1 0.6578459756803706 0.6191619318181818 0.08814418066010425 0.054602272727272805
0 0.23788361320208457 0.5678693181818181 0.03763752171395482 0.048607954545454565
0 0.34790098436595257 0.5697585227272727 0.041502605674580195 0.04482954545454536
0 0.45083960625361896 0.578125 0.054371742906774906 0.048295454545454496
0 0.4934713375796178 0.5735511363636363 0.05661551823972216 0.0599715909090909
0 0.5764620729588883 0.5901136363636363 0.06048060220034745 0.05713068181818191
0 0.6929212507237984 0.6728267045454546 0.0694846554719166 0.06345170454545457
2 0.27601331789229877 0.30286931818181817 0.09264620729588884 0.07355113636363644
2 0.4005066589461494 0.28204545454545454 0.09072090330052109 0.0697585227272727
2 0.5301389693109438 0.26830965909090904 0.11451939779965252 0.07448863636363638
2 0.6871308627678054 0.33491477272727277 0.13510422698320793 0.09785511363636364