2 0.30099616858237543 0.31462169043519206 0.15615464994775333 0.06802949357587523
2 0.5738488331591779 0.32083830044004885 0.1306165099268548 0.060831726688938915
2 0.8432044583768721 0.32231396039069665 0.15384186694531524 0.07358676615597454
0 0.2786485545106234 0.5183805024504393 0.08011145942180428 0.047747018509524584
0 0.3552769070010449 0.4788045584548741 0.12190874259839772 0.0510201578681423
0 0.44264716126785086 0.5139613718535524 0.07721351445489372 0.04087892033496697
0 0.5648484848484848 0.47863972409868466 0.06036920933472661 0.04872817539160419
0 0.8969000348310693 0.4653980308181376 0.05572971090212459 0.051671646037843195
0 0.9861111111111112 0.5422535211267606 0.027777777777777776 0.051643192488262914
3 0.3755903866248693 0.5355468232593049 0.07198885405781953 0.0526528029199228
3 0.556433298502264 0.5196834787898411 0.06792058516196452 0.0503686696984414
3 0.6295785440613026 0.5420931019765405 0.06095437129919882 0.05003900098606269
3 0.7709230233368165 0.5442124008418326 0.08940438871473348 0.05625561099091941
3 0.8707767328456982 0.5368576488537634 0.06617903169627305 0.04742519905220258