1 0.2334270833333333 0.5130859375 0.12120833333333335 0.04085937499999996
1 0.36545833333333333 0.5138671875 0.13659374999999999 0.04242187499999996
1 0.49213541666666666 0.48835937500000004 0.09592708333333337 0.04183593749999996
1 0.6280729166666668 0.5129921875 0.10347916666666658 0.03949218749999996
1 0.7479791666666666 0.50946875 0.09306249999999991 0.037148437499999964
1 0.8641041666666667 0.49559375 0.1298124999999999 0.03988281249999996
3 0.19745833333333335 0.6893281250000001 0.06178125 0.03089062499999997
3 0.2755208333333333 0.680046875 0.05995833333333327 0.03225781249999997
3 0.32517708333333334 0.68053125 0.041968749999999964 0.04378906249999996
3 0.4019479166666667 0.6803359375 0.053177083333333285 0.026976562499999978
3 0.45642708333333337 0.6753515625000001 0.05890624999999995 0.03695312499999996
3 0.5312395833333333 0.67290625 0.06777083333333328 0.03089062499999997
3 0.5894999999999999 0.6672421875000001 0.04509374999999996 0.02658593749999998
3 0.6725208333333333 0.66596875 0.06256249999999994 0.03225781249999997
3 0.7130520833333333 0.6620625 0.029458333333333305 0.03851562499999996
3 0.77209375 0.662546875 0.061520833333333275 0.02658593749999998
3 0.8341354166666667 0.6644062500000001 0.0479583333333333 0.03382031249999997
3 0.8985104166666668 0.6695859375000001 0.054739583333333286 0.03596874999999997
2 0.21921875 0.372625 0.07246875 0.04496875000000004
2 0.34746875 0.36539062499999997 0.07246875000000005 0.04222656249999997
2 0.48522916666666666 0.359421875 0.07429166666666671 0.04789843750000004
2 0.63003125 0.374578125 0.08706249999999992 0.03949218749999996
2 0.7551458333333334 0.37575 0.07455208333333327 0.037148437499999964
2 0.86528125 0.3470078125 0.0711666666666666 0.03832031249999997