1 0.5712308490384118 0.47629798767637027 0.20585725421178583 0.09015692155429464
1 0.7360139926614574 0.4752047867730728 0.15711759865070768 0.08227944445700419
3 0.31936294280445304 0.9160380510277645 0.10702213241425014 0.07313192513382423
3 0.4103586977481919 0.8933541322843428 0.104971034213035 0.05043192990652999
3 0.4919854532812954 0.8760076061864319 0.07804602477505 0.08006088968266516
3 0.6209786715119515 0.8621336006048776 0.11724285904403407 0.06745692632700058
3 0.6485989684757721 0.8388066225065749 0.0702066579212533 0.06620296058498296
3 0.7631128239809012 0.8438546384423896 0.09475030758325106 0.06872696855289029
2 0.3803570410083842 0.17999231343114866 0.1431423193814114 0.10276088490995912
2 0.5956006768189508 0.14121583433183368 0.12167531702123616 0.1122138574267076
2 0.7450527304973206 0.12956038352461835 0.11997186258293875 0.1002368769420518