2 0.381640625 0.0640625 0.15078125 0.128125
2 0.59407421875 0.1578125 0.12955859375000003 0.13541666666666666
1 0.36414843750000003 0.485359375 0.17621484375000004 0.10301041666666665
1 0.56065625 0.5286145833333333 0.16167578124999996 0.09056770833333326
0 0.265625 0.602546875 0.0625 0.09780208333333344
0 0.48307421875 0.600375 0.05989453124999997 0.08825000000000002
0 0.63823828125 0.5825833333333333 0.044703125000000024 0.08217708333333344
3 0.3066953125 0.9524427083333333 0.10619140625000005 0.09510937500000007
3 0.41544140625 0.9455989583333333 0.1197304687499999 0.10789583333333326
3 0.498171875 0.8724010416666667 0.07219921874999997 0.11310937500000004
3 0.58947265625 0.8776145833333333 0.08693749999999997 0.08984895833333345