3 0.28451041666666665 0.6469765625 0.07682291666666667 0.0732421875
3 0.36502083333333335 0.6455078125 0.07898958333333338 0.044921875
3 0.421875 0.6236953125 0.052083333333333336 0.059898437500000054
3 0.5065104166666666 0.6204453125 0.11197916666666667 0.045570312499999946
3 0.5711770833333334 0.5908203125 0.05903125000000008 0.044921875
3 0.660375 0.5888671875 0.07856250000000008 0.041015625
3 0.7803854166666666 0.595375 0.06076041666666659 0.046226562500000054
3 0.8355 0.5981484375 0.06163541666666674 0.0537109375
1 0.47179166666666666 0.374671875 0.12586458333333336 0.21419531249999996
1 0.6315104166666666 0.387046875 0.15364583333333334 0.19205468750000004
2 0.30121875000000004 0.2174453125 0.10242708333333338 0.05989843749999997
2 0.46701041666666665 0.1912421875 0.09028124999999995 0.06021874999999999
2 0.6258645833333334 0.2252578125 0.0954895833333334 0.05208593749999997
2 0.8502604166666666 0.20865625 0.09114583333333333 0.06185156249999997