2 0.4810494454010723 0.1263970785531508 0.15250317649540573 0.13612476358139017
2 0.699706143513817 0.21316090863279688 0.11661638237646 0.09723496573975304
2 0.9273345401562983 0.12041806009122975 0.1323148924897348 0.12714052918501845
3 0.4429256135909851 0.8982768437379335 0.0740106259290328 0.12715100032067864
3 0.5225327583754005 0.8907899817409571 0.08970913604230742 0.11518249226117638
3 0.6341099190054993 0.8092721906270246 0.07961499403947196 0.10471135660106928
3 0.7305380173762883 0.8646121425906897 0.07961499403947196 0.12565362792128323
3 0.8129551954709798 0.878831944817115 0.053822341923361876 0.13313001878259978
3 0.8779941228702762 0.9050097839673823 0.06279404045309814 0.14061688077957604
0 0.3975098238332819 0.6125614361162557 0.08634180562301015 0.12715100032067864
0 0.5696282887152241 0.5699334428439604 0.04036871875628567 0.14659589924149713
0 0.6156092248370052 0.5519754451868769 0.04485064339362545 0.11069037506299044
0 0.7316604608493874 0.5646978750139069 0.04372819992052624 0.12116151072309735
0 0.7703494390235526 0.5527293669544048 0.03587894486388902 0.11518249226117633
0 0.9727503299140015 0.5990955556573582 0.04821797381292272 0.13612476358139008