2 0.17101041666666666 0.349609375 0.11979166666666667 0.06640625
2 0.3046875 0.3802109375 0.1232604166666667 0.06771093749999997
2 0.4661458333333333 0.35546875 0.13367708333333336 0.0703125
2 0.76215625 0.30989062500000003 0.1111145833333334 0.0625
3 0.18923958333333332 0.7864609374999999 0.07291666666666667 0.06771093750000005
3 0.34288541666666666 0.7701796875 0.057291666666666664 0.06640625
3 0.2604166666666667 0.7818984375000001 0.05555208333333338 0.053382812499999946
3 0.29601041666666666 0.7513046875 0.04340624999999996 0.044273437500000054
3 0.42621875000000004 0.7649765625 0.07465624999999995 0.07421875
3 0.5329895833333333 0.7669296875 0.06596875000000005 0.078125
3 0.7482604166666668 0.7526015625 0.06944791666666675 0.06771093750000005
3 0.8723958333333334 0.7623671875000001 0.1232604166666666 0.07682031249999995
0 0.8758645833333334 0.5748671875 0.0920104166666666 0.07942968750000005
0 0.68403125 0.5794296875 0.0798645833333334 0.057289062499999946
0 0.47742708333333334 0.564453125 0.09375 0.05078125
0 0.2552083333333333 0.587890625 0.05903124999999996 0.05859375
0 0.10763541666666666 0.6067734375 0.07638541666666668 0.044273437500000054