3 0.062281249999999996 0.8603515625 0.10112499999999999 0.060546875
3 0.18403124999999998 0.84928125 0.10763541666666665 0.054039062500000054
3 0.33659374999999997 0.843421875 0.06640625 0.050132812500000054
3 0.4557291666666667 0.8442421875000001 0.057291666666666664 0.0693359375
3 0.5457916666666667 0.8544921875 0.07856250000000008 0.056640625
3 0.68403125 0.870765625 0.0763854166666666 0.050132812500000054
3 0.7881979166666666 0.830078125 0.08680208333333325 0.07421875
3 0.8886770833333333 0.8544921875 0.08723958333333333 0.072265625
0 0.31836458333333334 0.6536484375 0.05078125 0.041664062499999946
0 0.49044791666666665 0.648109375 0.05382291666666662 0.057945312500000054
2 0.10221875 0.3429375 0.11848958333333333 0.05892187499999997
2 0.4181875 0.390296875 0.10460416666666662 0.05013281249999997
2 0.6393229166666666 0.403484375 0.1171875 0.07064062500000005
2 0.875 0.3743515625 0.10416666666666667 0.06119531250000003