2 0.37153125000000004 0.3697890625 0.1423645833333333 0.08333593749999997
2 0.5703125 0.33984375 0.13020833333333334 0.08333593749999997
2 0.7256979166666666 0.376953125 0.12846874999999994 0.053382812499999946
0 0.25867708333333334 0.6184921875 0.09721874999999998 0.078125
0 0.4322916666666667 0.6041640625 0.04513541666666671 0.057289062499999946
0 0.48003124999999996 0.56640625 0.05034375000000004 0.0703125
0 0.59721875 0.5677109375 0.03471874999999992 0.059898437500000054
0 0.6345520833333332 0.5774765625 0.04340625000000008 0.055992187500000054
0 0.76909375 0.5852890625 0.06596874999999992 0.07942968750000005
3 0.29601041666666666 0.779296875 0.07117708333333338 0.08463281249999995
3 0.3802083333333333 0.78125 0.0763854166666667 0.06771093750000005
3 0.47569791666666666 0.7467421875 0.0763854166666667 0.07421875
3 0.5529479166666668 0.7428359375 0.07117708333333325 0.06380468750000005
3 0.6423645833333332 0.744140625 0.10069791666666675 0.05859375
3 0.71528125 0.7376328125 0.06596874999999992 0.07421875
1 0.35763541666666665 0.5572890625 0.17708333333333334 0.041664062499999946