2 0.16754166666666667 0.3017578125 0.16493055555555555 0.044921875
2 0.4186944444444444 0.3129921875 0.13947222222222216 0.0380859375
2 0.5625 0.2890625 0.09722222222222222 0.0390625
2 0.7650416666666667 0.2985 0.12731944444444454 0.04622656249999997
2 0.09780555555555556 0.5258828125 0.09143055555555557 0.0419921875
2 0.2555 0.516765625 0.06308333333333335 0.047203125000000054
2 0.322625 0.5166015625 0.0723333333333333 0.052734375
2 0.5031805555555556 0.5180703125 0.07233333333333339 0.0419921875
2 0.636 0.51953125 0.0428194444444445 0.046875
2 0.6556666666666666 0.5084609375 0.054402777777777724 0.040367187500000054
2 0.8191527777777777 0.517578125 0.0514999999999999 0.04296875
3 0.140625 0.6853828125 0.1076388888888889 0.032874999999999946
3 0.24073611111111112 0.6842421875 0.10648611111111113 0.032554687500000054
3 0.3692083333333333 0.6705703125 0.11343055555555549 0.028648437500000058
3 0.489 0.67740625 0.06829166666666661 0.030601562500000058
3 0.52025 0.654625 0.061347222222222164 0.047523437499999946
3 0.6464166666666666 0.664390625 0.07754166666666672 0.035804687499999946
3 0.7002361111111112 0.663734375 0.053236111111111165 0.034507812500000054
3 0.7986111111111112 0.6658515625 0.08333333333333333 0.048499999999999946