2 0.2801328125 0.32217708333333334 0.0625 0.06398958333333328
2 0.339703125 0.34709375 0.049945312499999964 0.046875
2 0.404015625 0.36160416666666667 0.05580468750000005 0.050593750000000055
2 0.48674999999999996 0.3540729166666667 0.043523437500000026 0.04929166666666672
2 0.5818203125 0.3748125 0.0478515625 0.056552083333333295
2 0.636859375 0.36671875000000004 0.04185156249999995 0.05227083333333328
0 0.256140625 0.5401770833333334 0.05245312499999999 0.05952083333333344
0 0.3292421875 0.5416666666666666 0.035710937500000026 0.056552083333333295
0 0.44866406249999996 0.5572916666666666 0.035710937500000026 0.055062499999999896
0 0.5189765625 0.5543125 0.02901562500000008 0.05803125000000004
0 0.548546875 0.5736562500000001 0.03236718750000005 0.0610104166666666
0 0.618859375 0.5803541666666666 0.034601562499999974 0.07142708333333327
0 0.6713203125 0.5811041666666666 0.0390625 0.052083333333333336
3 0.6902890625 0.7336354166666667 0.0546875 0.07142708333333327
3 0.27734375 0.7001458333333334 0.06138281249999995 0.08184374999999994
3 0.333703125 0.6912187500000001 0.02455468749999996 0.0610104166666666
3 0.353796875 0.7388437499999999 0.06473437500000001 0.04910416666666677
3 0.3822578125 0.6822916666666666 0.03682812499999999 0.052083333333333336
3 0.41127343749999995 0.7008958333333334 0.03013281249999995 0.08333333333333333
3 0.458703125 0.7135416666666666 0.04017968750000005 0.0639895833333334
3 0.506140625 0.7120520833333334 0.04575781249999995 0.07589583333333323
3 0.5613828125 0.7276770833333334 0.02678906249999997 0.08035416666666677
3 0.609375 0.7284270833333333 0.04464062500000008 0.052083333333333336
3 0.6339296875 0.7128020833333333 0.02678906249999997 0.05059374999999993