2 0.12760416666666666 0.126140625 0.15104166666666666 0.08626171875000002
2 0.4147135416666667 0.05517578125 0.17057291666666666 0.1005859375
2 0.7469635416666667 0.0908203125 0.1866302083333333 0.099609375
0 0.045140625000000004 0.50455859375 0.09027604166666667 0.07942578124999997
0 0.2671458333333333 0.50618359375 0.05251562499999996 0.07096484375000003
0 0.3094635416666666 0.4892578125 0.0616302083333333 0.099609375
0 0.505859375 0.4951171875 0.08203125 0.095703125
0 0.5933177083333334 0.5546875 0.0772552083333333 0.078125
0 0.787328125 0.57470703125 0.07465104166666663 0.0849609375
3 0.12044270833333333 0.73665234375 0.11328125 0.08658984375000003
3 0.24652604166666667 0.7626953125 0.08680729166666665 0.076171875
3 0.3506927083333334 0.75553515625 0.1180572916666667 0.07747265624999997
3 0.467015625 0.77604296875 0.1006927083333333 0.09895703124999997
3 0.6041666666666666 0.81282421875 0.13541666666666666 0.09049609375000003
3 0.7330729166666666 0.85319140625 0.0859375 0.10091015624999997