2 0.435328125 0.45637890625 0.0946197916666667 0.04557421875000003
2 0.5596770833333333 0.46549609375 0.09592187500000003 0.04036328124999997
2 0.7261302083333334 0.46403125 0.0928802083333333 0.05110546874999997
0 0.3487395833333334 0.67219921875 0.04904687500000004 0.05143359375000003
0 0.4398854166666667 0.67838671875 0.06467187500000003 0.03645703124999997
0 0.4722239583333333 0.68001171875 0.0381927083333333 0.05143359375000003
0 0.6245677083333334 0.69856640625 0.02517187499999996 0.03776171875000003
0 0.6421458333333334 0.7127265625 0.05251562499999996 0.05631640625000003
0 0.8211822916666667 0.73079296875 0.04860937499999996 0.05924609375000003
3 0.381078125 0.8388671875 0.0538177083333333 0.048828125
3 0.431859375 0.85009765625 0.06683854166666663 0.0419921875
3 0.4895833333333333 0.87337109375 0.08333333333333333 0.04752734375000003
3 0.5874583333333334 0.8818359375 0.06814062499999997 0.064453125
3 0.6749114583333333 0.89908984375 0.07378645833333337 0.04817578124999997
3 0.7920989583333333 0.926921875 0.08941145833333337 0.04719921874999997