3 0.23263541666666668 0.71646875 0.04861458333333335 0.030601562500000058
3 0.27387500000000004 0.6979140625 0.05294791666666671 0.028648437500000058
3 0.3424479166666667 0.692546875 0.0546875 0.039390625000000054
3 0.4320729166666667 0.6912421875 0.04904166666666671 0.028968749999999942
3 0.484375 0.6945 0.041666666666666664 0.035484375000000054
3 0.53884375 0.70621875 0.04383333333333326 0.035484375000000054
3 0.60546875 0.707359375 0.0390625 0.035804687499999946
3 0.6838125 0.7133828125 0.05252083333333341 0.0341796875
0 0.46831249999999996 0.5719375 0.03559374999999996 0.046226562500000054
0 0.5640208333333334 0.585609375 0.05252083333333341 0.050132812500000054
1 0.52409375 0.54296875 0.12890625 0.0390625
2 0.27387500000000004 0.3904609375 0.09461458333333338 0.05240625000000003
2 0.4036458333333333 0.40934375 0.08854166666666667 0.035484375000000054
2 0.5310312500000001 0.40396875000000004 0.0802916666666667 0.038414062500000054
2 0.66015625 0.411296875 0.06510416666666667 0.031578125000000054