3 0.13758333333333334 0.8619765625 0.08246875000000002 0.06771093750000005
3 0.23914583333333334 0.8486328125 0.08767708333333335 0.052734375
3 0.3138020833333333 0.8352890625 0.09114583333333333 0.061195312499999946
3 0.4270833333333333 0.835609375 0.08333333333333333 0.057945312500000054
3 0.5128020833333333 0.84146875 0.07508333333333338 0.061851562500000054
3 0.6393229166666666 0.8359375 0.06510416666666667 0.046875
3 0.7395833333333334 0.836265625 0.09375 0.059242187499999946
3 0.8574270833333333 0.8723984375 0.06640625 0.06510156249999995
0 0.12934375 0.6751328125 0.09201041666666668 0.045570312499999946
0 0.27930208333333334 0.6552734375 0.045572916666666664 0.064453125
0 0.30945833333333334 0.6399765625 0.06163541666666662 0.06900781249999995
0 0.46788541666666666 0.6424140625 0.06076041666666671 0.056312499999999946
0 0.5060729166666667 0.641765625 0.04340624999999996 0.06282812500000005
0 0.6662291666666668 0.6513671875 0.04601041666666674 0.048828125
0 0.703125 0.656578125 0.041666666666666664 0.059242187499999946
0 0.87153125 0.6697578125 0.05555208333333326 0.06412499999999995
2 0.22287500000000002 0.4072265625 0.12022916666666668 0.068359375
2 0.4008229166666667 0.3969765625 0.12195833333333338 0.0498046875
2 0.6085104166666666 0.3854140625 0.11284374999999992 0.06771093749999997
2 0.7903645833333334 0.4138984375 0.1171875 0.052406249999999946