2 0.41710902124695226 0.35632478255110595 0.13758272378962033 0.05527445410883971
2 0.1852873563218391 0.5231606987799314 0.03970741901776383 0.01590259074474714
1 0.4115917798676419 0.4787967091998175 0.1799930337861372 0.05094951457263268
0 0.4554789272030651 0.395665248894972 0.05337513061650993 0.03230753381311905
0 0.5077533960292581 0.396662104287165 0.06528735632183909 0.03430124459750491
0 0.14867293625914313 0.5703818172006612 0.024702194357366775 0.014913584607610829
1 0.17205154998258443 0.5777130214235605 0.07675374433995125 0.016153766906559525
3 0.14188784395680948 0.6313155842053364 0.02831069313827932 0.022456718717039095
3 0.1671334029954719 0.6370612389067949 0.039400905607802156 0.017095677513355972
3 0.5241657958899337 0.64816008555688 0.0754162312783003 0.040831824804627104
3 0.5323301985370951 0.5677130704814046 0.0971508185301289 0.04452882393630326