3 0.6550191570881225 0.7194627184913731 0.14394984326018792 0.04535299571725022
3 0.5482410309996516 0.7150671356596562 0.06744688261929639 0.052495817818790154
3 0.47154301637060253 0.6914722749594047 0.1337931034482758 0.04085537256979704
3 0.37311041448972476 0.6726811583538149 0.0783141762452107 0.05229173718731746
3 0.32578195750609545 0.6620611162621847 0.07722744688261933 0.031051653004057125
3 0.2766562173458725 0.647555692917519 0.10297457331940084 0.03881456625507132
0 0.48079414838035517 0.5131372000726055 0.09790316962730748 0.06904204747818149
0 0.7806617903169627 0.5039457224012833 0.06672239637756895 0.06781756368934619
2 0.2895297805642633 0.26740057201446227 0.12654824103099965 0.06536859611167525
2 0.40429118773946354 0.2641274326558445 0.14938349007314525 0.07353967062563475
2 0.6106025774991292 0.24083869290280166 0.17476837338906315 0.0759886382033056